Sample	Taxon	Sex	Location	locality_ID	OrbitalRingHueCat	TarsusHueCat	BillShapeRatio	BilllengthRatio	NB	NM	NW	T10	T9	T5	T4	W10_mm	W9_mm	B10_mm	B9_mm	B8_mm	B7_mm	B6_mm	B5_mm	M10_mm	M9_mm	M8_mm	M7_mm	M6_mm	M5_mm	M4_mm	TarsusR
LarArgXP007	Larus argentatus	F	USTK2	2	2	2	2.71195652	2.31262525	5	1	5	3	3	0	0	54.8477291	41.0502505	50.6311662	61.2534349	36.9257037	16.227391	10.0091494	0	164.596404	155.697843	111.572056	66.5787587	22.3281967	0	0	0.147584541
LarArgXP008	Larus argentatus	M	USTK2	2	2	2	2.72897196	2.33732877	7	2	7	4	3	3	1	57.2259919	41.6861354	126.77108	94.2255959	65.2984639	34.0869148	19.7466445	7.85210758	151.712461	196.820115	153.059186	103.239676	68.4589626	31.9786246	0	0.14732334
LarArgXP009	Larus argentatus	F	USTK2	2	2	1	2.85798817	2.3747412	5	1	5	3	3	0	0	62.463723	42.1297385	29.0024028	60.7226146	29.814828	18.8992798	9.20506058	0	153.221087	149.918875	98.9482259	54.8369358	29.9375457	0	0	0.151058824
LarArgXP010	Larus argentatus	M	USTK2	2	1	2	3.09359606	2.14490446	6	2	6	4	4	1	0	50.7657507	31.8388618	51.6411876	86.3550275	57.6070975	30.0258183	15.5112742	1.13922795	175.942427	192.40192	130.354033	93.9295926	43.7369042	13.9955012	0	0.155240175
LarArgXP011	Larus argentatus	M	USTK2	2	2	2	3.19459459	2.25380711	6	2	6	5	3	1	0	55.4263419	39.9495826	88.412253	86.8917106	37.5576195	17.3461109	9.30698117	0	142.185503	206.872024	143.278288	79.8550681	32.1864265	0	0	0.150456621
LarArgXP012	Larus argentatus	M	USTK2	2	1	3	2.98412698	2.29255319	5	2	5	2	3	0	0	65.1250432	47.0720709	51.9366802	89.2268373	47.6176939	18.1691174	8.35935071	0	166.019112	206.460732	131.344868	67.0483803	32.4128181	0	0	0.1515625
LarArgXP013	Larus argentatus	M	USTK2	2	1	3	2.885	2.26516464	5	1	5	2	3	0	0	53.0239269	34.3916335	54.4027217	77.5821615	51.9334898	26.1018545	8.56911056	0	158.758817	143.026935	102.734661	63.7278665	24.1343587	0	0	0.152995392
LarArgXP014	Larus argentatus	F	USTK2	2	2	4	2.93103448	2.34117647	6	1	6	3	2	1	0	61.1429504	42.9548717	43.0656534	71.5895786	52.4486622	24.4537683	10.0806086	0	146.48387	164.453283	112.409673	61.763228	34.5167559	0	0	0.144444444
LarArgXP015	Larus argentatus	F	USTK2	2	2	2	3.11695906	2.27954972	6	2	6	3	3	3	0	45.6724521	35.4583854	113.450085	110.683564	57.1743048	22.8448995	17.2807524	0	149.178663	173.756883	122.179591	63.9872457	31.6045647	0	0	0.155503513
LarArgYP0AA	Larus argentatus	F	SZCE4	4	1	1	2.73333333	2.34146341	5	1	5	4	3	0	0	49.9490983	31.0597049	60.3728785	51.4684399	36.8404384	15.4008753	9.26149927	0	152.388569	158.121206	110.065584	51.6112386	25.076479	0	0	0.156327543
LarArgYP0AB	Larus argentatus	M	SZCE4	4	1	2	3.13888889	2.47256637	6	2	6	3	2	2	0	54.0769438	43.9321545	50.1027758	77.3898043	36.8725794	18.5086838	11.0839155	1.05565888	170.78303	185.70681	121.39563	64.7661992	23.3775414	4.54791762	0	0.148366013
LarArgYP0AG	Larus argentatus	M	SZCE4	4	2	1	2.86190476	2.17138103	6	1	6	2	2	1	0	58.5554184	46.1444581	50.8651217	84.4932862	60.2165147	24.6006123	11.0685236	0	155.770639	180.693632	138.083617	79.238101	36.0129059	0	0	0.151241535
LarArgYP6ET	Larus argentatus	F	RYNS5	5	3	NA	3.15730337	2.17615658	6	2	6	4	3	3	0	62.9184469	39.6825205	35.9175174	71.845131	52.8197553	31.313543	21.1642785	7.76521583	155.829776	185.870573	139.222185	85.2942758	46.4973749	17.9835744	0	0.157466063
LarArgYPTE0	Larus argentatus	F	SZCE4	4	1	3	3.02272727	2.22932331	6	2	6	4	4	1	0	45.9880244	0	75.5553763	56.9629919	40.3679622	22.5977769	9.60509361	0	155.299518	174.159781	143.158835	89.6223497	42.3708316	0	0	0.136124402
LarArgYPTE2	Larus argentatus	F	SZCE4	4	2	3	2.8960396	2.11794872	6	2	6	2	2	2	0	56.9188384	44.1173903	41.252031	79.2864219	51.6182009	27.9140745	15.1537544	2.27579421	153.181408	158.276406	111.889862	56.509123	28.7867728	7.33635433	0	0.149771689
LarArgYPTE5	Larus argentatus	F	SZCE4	4	3	1	2.7287234	2.3079922	6	2	6	4	3	2	0	52.2214039	38.1006955	102.879488	85.0794304	51.8893651	25.8813554	11.6601265	0.476579	162.290231	180.97155	124.56466	71.6585305	36.3951625	12.0037376	0	0.148598131
LarArgYPVC4	Larus argentatus	M	USTK2	2	2	2	3.15934066	2.2173913	5	1	5	2	1	0	0	51.5790512	30.3249824	64.2042465	71.6491012	41.9612174	17.172579	4.84039414	0	178.456989	160.720038	106.469608	58.4137792	12.8019499	0	0	0.148358862
LarArgYPWE4	Larus argentatus	F	RYNS5	5	1	3	3.30810811	2.12418301	6	2	6	2	2	1	0	62.9447973	44.5579755	32.7607792	67.5370857	38.0958626	24.4787753	11.2014911	0	152.027889	197.019749	127.609726	64.08843	31.0959619	0	0	0.161403509
LarCacC-746482	Larus cachinnans	M	UKRA16	16	2	1	3.27319588	2.14330709	7	NA	NA	5	2	3	1	62	56	52	92	73	47	NA	NA	NA	NA	NA	NA	NA	NA	NA	0.158043478
LarCacG6P08	Larus cachinnans	F	WLOC9	9	3	5	3.38285714	2.13006757	6	2	6	2	2	2	0	64.0652423	42.0245047	50.60259	75.7998872	63.1468512	43.1088627	24.5007148	3.41341664	146.914602	189.659449	154.774505	105.745392	48.3237594	3.41341664	0	0.156884876
LarCacG6P14	Larus hybrid	F	WLOC9	9	2	3	3.30246914	2.23364486	7	2	7	5	3	3	1	52.537781	36.9855552	56.2191121	96.3535133	69.7937674	42.0293516	26.4098114	9.68263082	153.646209	191.233213	143.158525	90.2197774	49.1153079	19.2008897	0	0.15
LarCacG6P44	Larus cachinnans	M	WLOC9	9	3	4	3.30456853	2.2718894	7	1	7	3	2	3	1	74.1825731	44.1375369	20.8609293	71.570864	53.7688961	36.0022052	22.512247	15.2094904	135.765873	172.736006	132.529372	91.2569427	42.9329388	26.4693128	7.85051545	0.16563147
LarCacR613P	Larus hybrid	F	WLOC9	9	1	1	2.97674419	2.29101563	6	2	6	2	3	2	0	57.6954247	39.8015115	41.7690055	70.7082862	43.8414584	28.9938882	16.0130441	4.1616116	156.596977	197.156883	136.91024	73.2602574	37.6300623	11.5750505	0	0.148539326
LarCacR68P0	Larus cachinnans	F	PRZY10	10	2	3	3.08108108	2.2245614	7	2	7	5	3	3	1	57.9292862	40.4862127	68.8622612	93.0009453	69.2764599	52.1777292	28.33989	12.2620081	162.278747	204.676983	152.252953	91.5165698	58.79685	24.2473895	13.1263405	0.152771619
LarCacR80P0	Larus hybrid	M	PRZY10	10	3	4	3.04878049	2.1504	7	2	7	3	2	3	1	59.387896	35.2648265	74.1547118	NA	59.0250527	30.2054779	22.8555854	7.27820229	139.745334	182.861252	125.09019	85.3936866	39.9770418	18.7392384	0	0.153563715
LarCacT000407	Larus cachinnans	M	UKRA16	16	2	1	3.32105263	2.16798732	6	NA	NA	3	2	2	0	64	49	34	79	59	35	NA	NA	NA	NA	NA	NA	NA	NA	NA	0.160217391
LarCacT000415	Larus cachinnans	M	UKRA16	16	2	1	3.20418848	2.22222222	6	NA	NA	2	2	3	0	69	62	19	68	49	29	NA	NA	NA	NA	NA	NA	NA	NA	NA	0.166520788
LarCacT000421	Larus cachinnans	M	UKRA16	16	3	1	3.20207254	2.20226537	7	NA	NA	5	2	3	1	62	52	47	91	64	40	NA	NA	NA	NA	NA	NA	NA	NA	NA	0.162888889
LarCacT000422	Larus cachinnans	F	UKRA16	16	2	1	2.97687861	2.29902913	6	NA	NA	3	2	2	0	63	46	22	74	53	34	NA	NA	NA	NA	NA	NA	NA	NA	NA	0.155813953
LarCacT000425	Larus cachinnans	F	UKRA16	16	3	1	3.21637427	2.22	6	NA	NA	4	2	3	0	66	56	31	81	62	42	NA	NA	NA	NA	NA	NA	NA	NA	NA	0.159250585
LarCacT000435	Larus cachinnans	F	UKRA16	16	3	1	2.96067416	2.27703985	6	NA	NA	3	2	3	0	70	53	12	64	56	32	NA	NA	NA	NA	NA	NA	NA	NA	NA	0.155188679
LarCacT000444	Larus cachinnans	M	UKRA16	16	3	4	3.065	2.2137031	7	NA	NA	2	2	3	1	63	46	25	72	58	36	NA	NA	NA	NA	NA	NA	NA	NA	NA	0.166292135
LarCacT000447	Larus cachinnans	F	UKRA16	16	3	1	3.10674157	2.20072333	6	NA	NA	2	2	1	0	68	47	17	66	42	31	NA	NA	NA	NA	NA	NA	NA	NA	NA	0.156440281
LarCacT000450	Larus cachinnans	F	UKRA16	16	2	1	3.07602339	2.23954373	6	NA	NA	3	2	2	0	61	50	19	74	53	31	NA	NA	NA	NA	NA	NA	NA	NA	NA	0.154609929
LarCacXP001	Larus hybrid	M	WLOC9	9	2	5	3.36216216	2.04823151	6	1	6	2	2	1	0	61.2940047	37.5821239	15.6701186	59.6809483	43.1331444	21.8023615	9.06273227	0	139.27111	164.469628	118.915241	72.9536768	34.4546062	6.54160463	0	0.171092077
LarCacYP02Z	Larus cachinnans	F	DWJA14	14	2	1	3.1734104	2.25318761	7	2	7	4	3	3	1	61.3877625	41.0579875	42.1280107	80.7841469	56.9040764	34.1291851	19.7637884	7.09389476	133.424845	176.826709	125.462924	80.5787728	49.2761414	14.6926807	0	0.153211009
LarCacYP03E	Larus cachinnans	M	RYNS5	5	3	3	3.04020101	2.19504132	7	2	7	3	2	3	1	67.7375198	48.0951667	26.4224688	86.2845771	67.264078	36.7139608	20.24724	8.70844641	164.724036	176.228867	137.713015	98.1564473	47.1058815	24.7821902	6.66177764	0.160934183
LarCacYP03T	Larus hybrid	F	SLUP7	7	3	4	3.98816568	1.77299703	7	2	7	3	2	3	1	62.2513959	46.683836	45.1639767	85.6711013	59.6962892	38.786298	26.4643823	17.3862869	132.965855	179.278116	122.780543	84.2142859	43.2509106	28.1637126	6.2565946	0.164039409
LarCacYP03Z	Larus cachinnans	F	DWJA14	14	3	2	3.06024096	2.23818898	6	2	6	2	1	2	0	62.2009627	50.7361734	27.3356288	71.2143552	46.5643831	29.261518	17.3672	0.32689843	141.292935	178.219614	133.54611	74.6621265	37.9406432	12.2532415	0	0.157437071
LarCacYP06Z	Larus cachinnans	F	KOZI13	13	2	3	3.10869565	2.23426573	6	1	6	1	3	2	0	63.9593714	44.5598321	0	56.8829294	45.2425052	28.5474253	17.9844971	0	154.176091	165.215442	125.840557	66.0226559	33.2466727	0	0	0.153811659
LarCacYP07Z	Larus cachinnans	M	KOZI13	13	4	3	3.10144928	2.16043614	6	1	6	2	1	2	0	64.0160276	51.683585	17.5274027	65.0406682	51.834887	32.9082643	21.7654859	3.15545726	135.531214	169.671097	120.886774	83.1767676	38.7835627	12.7035532	0	0.161038961
LarCacYP08Z	Larus cachinnans	M	KOZI13	13	2	2	2.92647059	2.25963149	6	1	6	2	1	3	0	70.6799265	51.591553	38.2438339	86.0977738	64.0703502	42.383966	24.8804235	3.93117723	145.025612	201.452457	136.932911	93.9432614	48.6031284	9.34946849	0	0.159784946
LarCacYP09Z	Larus cachinnans	M	KOZI13	13	2	2	3.31770833	2.15855573	7	1	7	2	2	2	1	60.7936114	40.9105026	39.2422109	78.4365978	65.515889	39.1003891	22.9071246	0	156.06875	199.398821	160.470173	113.829084	60.253349	0	0	0.165961945
LarCacYP0AJ	Larus cachinnans	M	SZCE4	4	3	4	3.35164835	2.1852459	7	2	7	3	2	3	1	60.5782533	48.8747654	56.483059	90.0933091	60.7023009	33.392723	23.1305505	12.9815265	180.296896	203.947462	151.324773	89.8049661	44.3010663	28.5704771	12.8663305	0.151096491
LarCacYP10Z	Larus hybrid	F	KOZI13	13	3	3	3.01098901	2.27919708	6	1	6	2	2	2	0	62.4446746	45.4495668	45.0886667	83.0411792	55.1016224	26.178434	18.8766732	0	134.164028	168.89943	117.181438	65.7195514	38.2085501	0	0	0.156561086
LarCacYP11Z	Larus hybrid	F	KOZI13	13	2	1	3.12290503	2.26654741	9	2	9	5	3	3	2	58.6844337	35.5872688	64.6245581	86.4199464	59.4241512	40.4747412	24.7492423	16.8615075	155.171317	200.413518	150.878505	118.63711	74.1069445	33.5973883	9.65661913	0.151716738
LarCacYP12Z	Larus cachinnans	F	KOZI13	13	2	2	3.09659091	2.30642202	6	2	6	2	2	3	0	59.8886987	43.636838	43.8843371	90.4895174	65.6903671	40.1718223	19.8298348	6.52519853	161.565543	208.678747	161.010916	104.254269	46.5309141	18.5237774	0	0.149115044
LarCacYP14Z	Larus cachinnans	F	KOZI13	13	2	1	3.28021978	2.16582915	6	2	6	2	2	3	0	62.8400897	40.937952	39.4679328	76.4000849	56.9730983	32.4132476	23.8453476	6.69184435	138.275957	188.289726	145.731663	87.9776111	42.9405623	19.4581247	0	0.160592255
LarCacYP15Z	Larus cachinnans	M	KOZI13	13	3	2	3.02955665	2.25528455	6	1	6	2	2	3	0	70.5570274	51.6360283	31.9312463	NA	NA	41.8175048	26.1023157	10.9732282	147.428419	176.461516	134.732532	84.6679808	44.0684945	18.0698493	0	0.160300429
LarCacYP16Z	Larus cachinnans	F	KOZI13	13	2	2	3.19886364	2.22024867	7	2	7	2	2	3	1	64.9113124	46.4510115	29.3160011	69.3441655	55.1191049	36.570988	26.177484	13.8331417	152.79528	203.44264	135.702552	98.0298383	53.8481061	25.777849	0	0.160619469
LarCacYP17E	Larus cachinnans	M	KEPA11	11	2	3	3.17412935	2.22570533	7	1	7	5	2	3	1	63.1687108	44.259208	23.3904423	77.762837	62.0229228	35.6331976	22.6496344	10.3161048	141.896795	189.193477	140.135622	102.58294	67.3489996	29.7080596	14.3992864	0.161339093
LarCacYP18E	Larus cachinnans	M	KEPA11	11	3	2	3.02403846	2.23847377	7	1	7	3	2	3	1	55.878035	39.1398691	61.447807	85.2282029	54.5106843	35.4049395	27.4817081	12.1522578	151.527065	186.878051	152.625081	126.336708	75.829895	19.8066763	0	0.163296703
LarCacYP19E	Larus cachinnans	F	KEPA11	11	2	1	3.03867403	2.25636364	6	1	6	2	2	2	0	62.2588339	43.9012264	22.1279311	69.8631488	49.1796349	24.6993907	17.1353393	3.53200232	144.412592	179.616402	130.525084	76.2180105	41.3833255	13.9137101	0	0.155632184
LarCacYP20E	Larus cachinnans	M	KEPA11	11	3	5	3.20408163	2.21815287	6	2	6	5	3	3	0	54.3251359	33.921073	87.9915589	92.1829331	65.8132999	41.1271339	26.0184384	12.3381402	177.512769	198.678019	162.571037	117.466957	52.0486419	25.5674061	0	0.165517241
LarCacYP26E	Larus cachinnans	M	KEPA11	11	2	NA	3.12376238	2.18541997	6	1	6	3	3	3	0	59.4178949	34.1278672	33.3966484	63.5230968	54.1434427	33.8493156	25.5863393	6.59870063	NA	174.910965	119.791009	85.2201151	44.581962	18.2768042	0	0.156041667
LarCacYP29E	Larus cachinnans	F	KEPA11	11	2	3	3.48780488	2.17832168	7	2	7	3	3	3	1	67.8784567	44.2362416	25.3858576	69.3957478	51.5419983	26.7308511	17.4859098	5.16540868	130.261915	187.167053	134.025307	99.7447643	52.8786719	21.9026538	0	0.14469526
LarCacYP2GP	Larus cachinnans	F	ZIOL6	6	2	2	3.4260355	2.11226252	8	1	8	5	3	3	2	57.5434458	38.2070138	55.2196879	72.4678815	NA	49.8621395	35.932322	18.5217622	152.976434	191.770224	161.03979	132.674157	99.2003116	45.4017839	24.5306856	0.152783964
LarCacYP2MV	Larus cachinnans	M	ZIOL6	6	3	5	3.24875622	2.11485452	7	1	7	3	2	3	1	52.3123226	37.8173628	51.4659574	85.6143578	63.0134521	44.0619971	23.8334684	10.6652197	157.43802	199.746513	164.464571	123.812642	66.9002271	31.4176871	0	0.165658747
LarCacYP2SN	Larus hybrid	M	ZIOL6	6	2	3	3.08040201	2.11256117	5	2	5	2	3	0	0	50.1507779	31.3998276	62.8108324	68.3574884	36.3457072	19.0221527	5.71951693	0	134.22677	165.411773	128.776244	71.8414431	29.2846334	0	0	0.157427938
LarCacYP2ZT	Larus cachinnans	F	ZIOL6	6	3	3	3.20588235	2.2733945	6	2	6	4	3	3	0	63.9312365	35.7727055	54.6689784	78.3952139	53.0181164	33.9976266	20.8150406	9.18866344	NA	195.295991	132.115251	75.8945163	39.8354737	13.2541067	0	0.161261261
LarCacYP31E	Larus cachinnans	F	KEPA11	11	2	2	3.80874317	1.83787661	6	2	6	2	2	3	0	61.2110531	42.219603	39.7828408	76.3319812	58.5650143	38.0326383	18.9845864	5.84115969	133.337323	179.946582	136.363246	80.7150092	40.2719489	14.2258239	0	0.149126638
LarCacYP32E	Larus cachinnans	M	KEPA11	11	2	2	3.53684211	2.0922619	6	2	6	3	2	2	0	59.2740239	39.9453171	41.9063178	80.7899556	65.8917055	33.919716	23.0762671	2.94954052	155.112463	194.853041	165.989963	95.9621122	47.9688156	14.1884856	0	0.159645233
LarCacYP34Z	Larus hybrid	M	DWJA14	14	3	3	2.96685083	2.29236499	6	1	6	5	4	3	0	NA	NA	NA	NA	NA	NA	NA	NA	NA	NA	NA	NA	NA	NA	NA	0.15862069
LarCacYP362	Larus hybrid	F	WLOC9	9	1	2	3.20224719	2.45438596	6	2	6	4	2	2	0	52.4973525	38.2382244	NA	NA	39.9722749	26.7158932	18.3940129	2.76672092	129.167648	170.533868	121.645704	55.5980598	35.0989852	0	0	0.157466063
LarCacYP36E	Larus cachinnans	F	KEPA11	11	2	2	3.18888889	2.18989547	6	1	6	2	2	3	0	53.386003	51.3616371	50.7969834	75.6832477	57.9311181	33.4636979	16.7664568	3.94051656	135.549219	181.790157	129.375097	95.5715646	47.4464008	12.3761415	0	0.159865471
LarCacYP37E	Larus hybrid	F	KEPA11	11	2	1	3.17714286	2.25539568	5	1	5	2	2	0	0	65.695728	45.0280343	33.0099163	74.2477326	43.3323403	21.5558899	8.8912783	0	145.786664	186.60972	120.861377	70.5275116	25.949203	0	0	0.148873874
LarCacYP3CS	Larus cachinnans	F	ZAST12	12	2	4	3.69375	2.03045685	6	2	6	2	2	3	0	51.8709735	40.0169791	43.58091	73.406732	53.7177777	34.4676493	21.9585167	4.7078799	133.169355	163.769714	137.127007	82.131411	46.3511499	15.9451617	0	0.14715262
LarCacYP3HS	Larus cachinnans	M	ZAST12	12	2	2	3.07317073	2.14285714	7	3	7	2	2	3	1	69.2573492	41.7422901	34.5983191	79.7244308	NA	30.5092318	20.6586239	8.43913156	143.600463	188.64903	178.96338	123.963456	61.0190897	21.5706279	0	0.159782609
LarCacYP3KS	Larus hybrid	M	ZAST12	12	2	2	2.98122066	2.23622047	7	2	7	5	2	3	1	62.623802	43.8229601	71.1402361	94.8623085	62.3918357	43.601194	25.0034334	11.2112242	140.911243	188.166771	169.868322	116.672519	75.2634122	32.9202134	22.8291062	0.166304348
LarCacYP3NS	Larus hybrid	M	ZAST12	12	2	3	2.98989899	2.19594595	6	2	6	3	3	3	0	58.1241226	38.9632097	NA	99.4493571	69.5172861	40.9481566	22.0368263	8.24616022	135.802235	188.080944	159.803161	106.727698	53.9184538	11.2024764	0	0.162610619
LarCacYP3PS	Larus hybrid	M	ZAST12	12	2	1	2.7804878	2.33333333	6	2	6	2	3	2	0	56.541401	40.0451447	59.221527	74.3079249	55.6699072	34.8376661	20.5237908	0	154.190495	194.485567	141.872378	99.8895719	43.7872877	0	0	0.160869565
LarCacYP3RS	Larus cachinnans	F	ZAST12	12	3	3	3.11111111	2.26785714	6	2	6	2	2	2	0	48.5094037	41.519325	22.1387632	53.0435196	41.6770097	29.8308905	18.6007267	4.2247265	142.160218	172.200392	125.594235	84.8472978	44.8837501	8.5718433	0	0.16091954
LarCacYP3TS	Larus cachinnans	M	ZAST12	12	2	2	3.08823529	2.11111111	6	2	6	3	3	3	0	58.3551025	41.8151159	55.6966626	90.686026	64.9339697	44.7941387	20.8112319	5.79871324	145.613023	187.620455	144.73428	102.745479	55.5639811	15.8131509	0	0.173333333
LarCacYP3WS	Larus cachinnans	M	ZAST12	12	2	2	3.3	2.09090909	6	2	6	2	3	3	0	NA	NA	NA	NA	59.7409566	36.0619682	23.7361466	8.45007189	NA	NA	141.420159	100.539808	37.7470388	18.38021	0	0.163043478
LarCacYP3YS	Larus cachinnans	F	ZAST12	12	2	3	3.2752809	2.10120069	6	2	6	4	3	3	0	53.7146415	38.1748096	50.5549174	77.3620689	60.6870199	38.9891895	20.3178062	7.07410359	145.615139	193.933344	142.943272	80.9364139	48.8574284	20.5845634	0	0.153409091
LarCacYP3ZS	Larus cachinnans	F	ZAST12	12	3	5	2.97297297	2.25454545	7	1	7	4	3	3	1	58.2046245	38.148747	51.5065207	79.0557153	66.4544143	40.6482046	24.9945764	11.1553685	138.664219	177.037438	134.89352	70.7406018	41.1057312	21.5180357	0	0.154788419
LarCacYP4CL	Larus hybrid	F	ZIOL6	6	3	2	3.34659091	2.11035654	6	2	6	5	4	3	0	44.9033648	34.0349184	NA	NA	67.7643802	52.3391031	34.3583935	13.7604183	157.295601	186.988321	133.415746	95.6256402	55.6066413	31.3672887	0	0.157403189
LarCacYP4LL	Larus cachinnans	F	ZIOL6	6	3	4	3.7804878	2.02419355	7	2	7	3	2	3	1	53.8495379	38.1254125	23.615618	57.7499429	41.9241016	30.9379121	21.2482453	11.1869376	NA	168.94939	121.291686	70.9865717	36.8692925	22.1105407	0	0.164953271
LarCacYP4TL	Larus cachinnans	M	ZIOL6	6	3	2	3.11055276	2.15508885	6	3	6	3	2	3	0	59.7926254	35.8595251	25.4816014	NA	51.0565208	30.4973037	25.4553182	13.5869033	134.865745	169.21603	138.745374	111.111227	79.519756	23.9452083	0	0.162857143
LarCacYP4UL	Larus cachinnans	F	ZIOL6	6	3	3	3.31736527	2.19314079	6	1	6	4	3	3	0	59.3603922	40.5448477	12.9656769	75.3951494	45.8572034	42.2404012	22.7386911	8.27806593	130.708924	173.128104	119.771495	68.6172617	36.0862155	14.3361666	0	0.163636364
LarCacYP4VL	Larus cachinnans	F	ZIOL6	6	2	3	3.40350877	2.11340206	6	2	6	3	3	3	0	50.70619	33.8754829	34.5560956	NA	47.7953005	27.4096957	19.7203163	4.45090538	129.912016	175.98825	140.014246	81.2723639	34.644029	13.3235598	0	0.153521127
LarCacYP5S3	Larus cachinnans	F	DWJA14	14	3	1	2.92021277	2.25865209	6	1	6	2	2	3	0	61.1658689	43.5917617	33.7319181	71.0630521	49.2352485	30.9116034	15.3925145	3.3261165	152.550658	168.269583	118.328219	71.3558446	35.5526527	14.8310311	0	0.154945055
LarCacYP5S6	Larus cachinnans	M	DWJA14	14	4	2	2.97663551	2.22291994	7	2	7	3	2	3	1	90.7228922	68.312928	58.3636731	99.8940761	70.9026534	39.4839315	27.2546048	6.98097131	188.972736	261.178527	199.443909	128.200959	68.9651974	27.5622285	0	0.161802575
LarCacYP5S9	Larus cachinnans	M	DWJA14	14	3	2	2.99033816	2.2180937	7	2	7	2	2	3	1	52.7451105	45.6117406	47.4377604	72.5558041	60.3389588	44.9136415	26.4663331	10.557188	168.409606	211.478849	155.349378	104.820955	56.3191725	24.7065361	7.67377965	0.161373391
LarCacYP6DX	Larus hybrid	F	PRZY10	10	3	3	3.09340659	2.24866785	6	2	6	2	1	2	0	81.3982451	53.3865209	42.3443522	93.4089468	67.1845737	38.8059127	25.518611	2.64900662	205.448866	236.099468	170.403412	99.7884698	59.5667294	13.3715809	0	0.15187638
LarCacYP6DY	Larus hybrid	M	PRZY10	10	2	2	3.2	2.19375	6	2	6	3	3	3	0	85.7898249	49.03573	79.2793944	87.768696	73.7762241	45.4629523	28.6240391	11.291211	218.604497	251.060305	194.62142	124.529176	51.193891	21.1155607	0	0.16199187
LarCacYP6DZ	Larus hybrid	M	PRZY10	10	3	2	3.03940887	2.18476499	6	1	6	2	3	1	0	59.8301331	42.9937717	78.5555313	93.4437561	64.3004439	40.7094231	17.8337344	0	194.759947	189.442651	156.328568	89.9790222	32.8983003	0	0	0.168314607
LarCacYP6EA	Larus hybrid	F	PRZY10	10	2	1	3.28994083	2.23021583	6	2	6	4	3	3	0	47.5100968	31.0951442	74.5785748	79.3462411	51.2701286	32.0857732	24.1810979	7.50040541	145.243999	167.928311	129.465252	91.5541157	41.4789981	16.9591619	0	0.156561086
LarCacYP6EB	Larus cachinnans	M	PRZY10	10	2	2	3.01941748	2.18649518	6	1	6	2	3	2	0	62.5908733	41.8677865	NA	NA	62.233816	32.505855	26.3556716	4.38210507	149.423746	190.256045	126.961598	73.5800033	37.1483114	10.2711786	0	0.159606987
LarCacYP6EJ	Larus hybrid	M	PRZY10	10	3	3	2.98104265	2.15739269	6	1	6	2	3	3	0	55.1911542	36.3534111	69.5429158	NA	NA	39.0715043	23.3722383	7.09685229	147.987801	175.555539	125.73417	85.9755338	46.1233225	13.7181301	0	0.16359743
LarCacYP6EK	Larus hybrid	M	PRZY10	10	3	3	3.18367347	2.15865385	7	2	7	5	3	3	1	51.2163843	40.1669838	73.0488452	NA	75.2153348	44.7145518	29.4327594	13.1079785	151.996927	196.518732	157.399621	117.498956	74.5180142	34.218322	10.2086238	0.159314775
LarCacYP6EU	Larus cachinnans	M	RYNS5	5	4	NA	3.2029703	2.1236476	6	1	6	2	2	2	0	63.8164853	46.5250999	18.8350761	68.5440469	46.5279646	27.410451	19.263871	4.93676695	171.038782	162.637369	116.880629	63.0918285	31.9033193	8.1236634	0	0.165795207
LarCacYP6EV	Larus cachinnans	F	RYNS5	5	3	1	3.32934132	2.20143885	6	2	6	2	2	2	0	64.7355873	51.5711494	34.670653	71.3710887	54.8703298	25.1888515	11.0412945	4.21505741	150.099616	190.691714	137.109685	81.9074791	41.2038148	15.6022715	0	0.164637002
LarCacYP6EW	Larus cachinnans	F	RYNS5	5	3	1	3.2259887	2.11208406	7	2	7	5	2	3	1	57.7021144	38.4237608	52.84417	70.7818873	54.2141012	32.3589752	25.3787432	15.0335477	154.580973	193.293085	119.412922	66.9166179	42.6787248	26.0412867	6.42727187	0.155803571
LarCacYP6EX	Larus cachinnans	F	RYNS5	5	3	4	3.23756906	2.09385666	6	1	6	2	2	3	0	59.157639	39.733913	25.641625	67.6002535	46.1315073	30.2541049	18.4610551	5.6089425	148.683805	173.042621	119.935849	64.0602434	34.3971638	16.1390816	0	0.148764045
LarCacYP6EY	Larus cachinnans	M	RYNS5	5	3	1	3.17525773	2.19318182	7	2	7	2	2	3	1	58.9413109	42.9616725	25.4743438	72.9802541	48.484562	33.4826795	23.1928868	8.7460268	146.335399	225.341652	155.045248	111.604722	71.5255304	27.6371503	10.9260349	0.155748373
LarCacYP6EZ	Larus cachinnans	F	RYNS5	5	3	4	2.86082474	2.2036036	6	2	6	2	2	2	0	56.8171075	41.6682881	7.61357263	48.2561265	38.2910218	26.7448402	18.2169741	1.13984599	136.396095	160.25044	121.405638	65.873677	38.6281938	13.2098114	0	0.149213483
LarCacYP6UL	Larus cachinnans	M	GLUS8	8	3	5	2.86666667	2.22591362	7	1	7	3	2	3	1	66.8002239	49.6592243	30.7852677	75.9478433	59.450552	36.7767813	21.0675362	9.16022039	153.675915	148.17433	123.357533	92.7324781	39.0147164	21.0071474	3.53811769	0.157802198
LarCacYP6UU	Larus cachinnans	M	GLUS8	8	2	3	3.15920398	2.17952756	6	1	6	3	2	3	0	66.9400543	45.4734549	51.7625569	88.3166256	71.3317867	42.5602909	21.1213778	8.99477596	159.842308	184.102718	148.355935	94.9740593	55.4970566	19.891609	0	0.168210526
LarCacYP6UZ	Larus hybrid	M	GLUS8	8	3	5	3.02985075	2.1773399	6	2	6	2	2	3	0	67.1919706	45.0803785	32.4144361	73.7646813	56.3788106	36.2658062	22.6502482	6.3381951	171.528532	200.550019	141.04973	88.9712334	33.7297185	11.6591059	0	0.158562368
LarCacYP6XY	Larus cachinnans	F	SLUP7	7	3	4	3.00549451	2.32541133	6	2	6	2	2	1	0	68.6306136	44.4825833	21.8915607	68.7814677	53.7653125	26.045636	15.3119767	0	159.56959	182.061707	147.698827	92.4750931	35.7274802	15.6980941	0	0.151670379
LarCacYP7AM	Larus cachinnans	F	SLUP7	7	3	4	3.1344086	2.14751286	6	1	6	1	2	3	0	67.0352836	50.6485419	20.4279273	71.2524688	61.8000478	30.7404733	20.2229819	8.90612617	157.19333	167.401021	120.374638	68.3281352	34.8953926	12.0899129	0	0.162242563
LarCacYP7AP	Larus cachinnans	F	SLUP7	7	3	4	3.36416185	2.09793814	6	1	6	2	2	3	0	61.943038	46.4693729	31.6372305	73.0282832	58.3361707	32.5526793	20.1487912	7.40684297	154.176243	177.311873	125.694899	80.6692518	40.2975825	17.8448732	0	0.160619469
LarCacYP7AR	Larus cachinnans	M	SLUP7	7	3	4	3.22058824	2.1065449	7	1	7	2	2	3	1	63.1139361	36.5323223	47.8764644	84.5261354	61.9498497	36.5057453	22.3878762	7.76247626	161.193592	184.74085	133.45406	105.686372	72.6416636	20.0956904	0	0.166525424
LarCacYP7CA	Larus cachinnans	F	GLUS8	8	2	1	3.20744681	2.18739635	7	2	7	2	2	3	1	62.044504	46.7060829	37.1235531	68.9136972	54.3900336	39.3365627	24.0329086	8.73568896	144.989678	185.158514	136.15077	81.0862624	42.7901774	15.0732973	0	0.163713647
LarCacYP7CC	Larus cachinnans	F	GLUS8	8	3	3	3.36470588	2.19230769	6	2	6	2	2	2	0	62.0228821	50.0104221	27.7749852	74.8186542	58.8060947	28.4978985	13.9429135	0.80166116	166.183411	191.11592	125.158025	62.1610565	32.108506	12.0755825	0	0.154464286
LarCacYP7CE	Larus hybrid	F	GLUS8	8	3	4	3.28089888	2.07705479	7	2	7	3	3	3	1	62.7086159	43.0906472	43.3122661	80.9889478	61.1337275	36.5439248	21.8395661	6.52013141	163.521118	187.178746	139.357486	83.6313706	55.3164418	23.817847	0	0.15456621
LarCacYP7CH	Larus cachinnans	M	GLUS8	8	3	3	3.42857143	2.20089286	6	2	6	2	3	3	0	57.519606	39.7053962	32.6145597	72.3887495	49.6859332	28.5525117	22.6343251	6.51891617	168.172102	187.812448	119.645729	87.3003376	38.5680367	15.2262045	0	0.163481953
LarCacYP887	Larus cachinnans	F	PRZY10	10	3	2	3.19662921	2.19507909	7	2	7	5	2	3	1	63.2721523	45.2715387	39.2187192	79.9226333	60.745687	34.7356564	20.1069369	10.0975285	140.661846	185.66672	146.490237	93.7854906	41.2336393	18.6680816	0	0.161818182
LarCacYP95L	Larus hybrid	M	ZIOL6	6	3	3	1.09836066	3.27363184	6	2	6	4	3	3	0	75.3615725	43.2200194	43.1106198	NA	75.2085762	40.210263	25.9540087	9.18973213	141.36989	203.527153	162.348275	112.977303	59.9568323	24.9987741	0	0.158174098
LarCacYP9HX	Larus cachinnans	F	GLUS8	8	3	1	1.05590062	3.43529412	7	1	7	4	2	3	1	75.4268683	51.6204343	30.8924541	NA	48.494016	29.0076209	16.6564664	10.5964907	147.711702	178.885751	112.247788	53.1886967	30.4983689	18.9865749	0	0.153452116
LarCacYP9HY	Larus cachinnans	M	GLUS8	8	2	2	1.02197802	3.32258065	7	1	7	4	3	3	1	60.6899692	40.1915422	43.9642325	77.9223949	58.6919042	33.6138036	20.5595807	12.4157402	146.497991	177.037807	136.01253	109.127458	51.0146021	35.2387395	18.8135397	0.159002169
LarCacYP9T0	Larus cachinnans	M	DWJA14	14	3	4	1.07486631	3.27363184	5	1	5	1	1	0	0	71.0423602	48.5770195	0	0	34.7826539	21.2726642	15.1553761	0	171.171852	197.879582	143.540679	82.949906	32.9299432	0	0	0.15995671
LarCacYP9T1	Larus cachinnans	F	DWJA14	14	3	4	1.05202312	3.29120879	6	2	6	2	2	1	0	63.8567875	46.782758	72.3651334	105.571103	76.3675446	37.8634512	20.3850727	0	183.021761	217.660853	156.756952	84.4483992	43.2568262	12.86285	0	0.16332574
LarCacYP9T2	Larus cachinnans	F	DWJA14	14	3	4	1.07185629	3.12290503	6	1	6	3	2	1	0	63.7640319	44.3873803	14.3144526	58.2152901	40.3601395	23.2606628	12.6186869	1.00868832	112.624818	154.018226	108.097896	55.7801501	31.8735933	10.8143641	0	0.150697674
LarCacYP9T7	Larus cachinnans	M	DWJA14	14	3	4	1.05789474	2.91542289	6	1	6	2	2	3	0	70.1831136	48.7455111	21.4335209	78.1331883	65.7148197	32.7949092	20.5784737	6.86989084	132.184985	182.110331	128.742076	83.9057521	38.7445586	17.5514992	0	0.162114537
LarCacYPM00	Larus hybrid	M	WLOC9	9	2	5	1.00694444	3.55172414	6	2	6	3	3	3	0	51.6669664	36.6939626	NA	NA	NA	43.7619516	23.9427994	8.51460282	151.784858	185.221739	145.049584	84.7305299	46.1095717	12.4700585	0	0.151304348
LarCacYPTE8	Larus cachinnans	M	SZCE4	4	3	4	1.025	3.25365854	6	1	6	2	2	3	0	55.0842137	45.8369666	23.1256044	69.0977798	48.7627011	30.0331038	21.042772	1.5530172	136.468904	167.980685	119.468665	75.4077903	40.2110962	15.9815928	0	0.166153846
LarCacYPTE9	Larus cachinnans	F	SZCE4	4	3	3	1.13207547	3.10555556	6	2	6	2	2	1	0	65.3414991	44.9557771	30.1074251	69.7398712	49.2440325	27.5815365	16.9684451	0	161.49957	189.101127	127.659183	78.8377106	33.128474	0	0	0.156306306
LarCacYPV52	Larus cachinnans	M	WLOC9	9	2	3	1.00847458	2.77310924	6	2	6	3	2	3	0	51.1670018	36.2806946	35.0330421	71.213007	NA	40.7158425	23.155135	7.60572368	134.283425	175.064359	141.336629	92.8851353	52.7740284	19.0213764	0	0.194843049
LarCacYPV55	Larus cachinnans	F	WLOC9	9	2	3	1.01807229	3.17751479	6	2	6	2	1	2	0	60.2887935	40.7790906	26.8717521	61.6824266	47.525621	27.7607218	12.5661823	0	158.039421	173.933949	112.937775	62.073231	26.1504275	6.07985089	0	0.153758542
LarCacYPV60	Larus hybrid	F	WLOC9	9	2	4	1.07738095	3.19889503	6	2	6	2	3	3	0	53.8564666	39.2056191	43.9572358	66.1361259	44.222564	34.1236941	16.5072822	2.42335247	137.318365	181.774052	133.58384	75.7777318	46.2777844	20.2462361	0	0.152214452
LarHybYP6ES	Larus hybrid	F	RYNS5	5	3	2	1.03012048	3.38011696	6	1	6	3	3	2	0	59.9064286	46.5804521	38.8422467	80.3644893	63.0263102	35.9851784	20.3667119	3.88499763	141.255864	183.630458	130.141999	88.645111	44.6213198	11.4610181	0	0.15950783
LarHybYP6UV	Larus hybrid	M	GLUS8	8	3	4	1.07253886	3.11594203	6	1	6	1	2	3	0	75.14533	58.5990618	9.6632316	67.9675007	50.0168905	30.195231	20.2533776	10.0856189	158.577671	168.389239	130.674061	67.7879344	38.638257	16.3875865	0	0.168230277
LarHybYP6XN	Larus hybrid	F	SLUP7	7	2	3	1.07647059	3.33879781	6	2	6	3	2	3	0	55.202892	42.3117027	76.9986201	89.525016	58.2018342	35.3579689	25.2358083	10.1757431	179.933729	199.924732	138.738784	96.9387628	88.7413714	24.0360916	0	0.149002217
LarHybYP6XX	Larus hybrid	F	SLUP7	7	3	4	1.02339181	3.25714286	6	2	6	5	3	3	0	58.1138167	44.2398578	19.2505034	76.8226677	55.8265894	36.4070432	27.115615	9.12503348	164.497577	185.206584	138.099783	89.6961742	49.351005	15.8109846	0	0.153273138
LarHybYP7AD	Larus hybrid	M	SLUP7	7	3	3	1.04522613	3.32692308	7	2	7	5	3	3	1	54.9126826	39.1124056	57.9920934	79.0503647	60.8593741	34.3807702	25.8265181	13.2264041	176.086481	185.12443	143.538377	97.1357246	57.7514792	23.5381131	0	0.17010989
LarHybYP7AK	Larus hybrid	F	SLUP7	7	3	4	1.12883436	3.25543478	7	2	7	3	2	3	1	60.5968214	45.8836239	22.4051415	72.8047889	54.4126861	36.8094983	22.316844	11.6615114	163.099923	189.047187	136.158779	97.1659698	54.6364652	29.6223705	9.04523931	0.153846154
LarHybYP7VM	Larus hybrid	F	SLUP7	7	3	NA	3.20231214	2.31407942	6	3	2	5	5	1	0	NA	NA	NA	NA	NA	NA	NA	NA	NA	NA	NA	NA	NA	NA	NA	0.160090703
LarHybYPTL7	Larus hybrid	M	SZCE4	4	2	1	1.14973262	2.89767442	5	1	5	2	3	0	0	56.2782772	42.7780724	38.831765	76.5932732	54.5298963	15.8091597	12.5612946	0	173.343499	164.300019	107.233069	62.6424615	17.8696709	0	0	0.157049892
