Taxon	Location	locality_ID	Sample	Sex	OrbitalRingHueAngle	Mantle	Tip	TarsusHueAngle	BillShapeRatio	BilllengthRatio	NB	NM	NW	T10	T9	T5	T4	W10	W9	B10	B9	B8	B7	B6	B5	M10	M9	M8	M7	M6	M5	M4	OrbitalRingHueCat	Tarsus_R
Larus glaucescens	BULD1	1	LarGlaMVZ172495	M	-7.142857143	5.5	4.75	-7.142857143	2.91025641	2.146842878	6	3	6	4	5	2	0	44.7502274	28.4691089	0	0	18.8188685	17.5954599	6.88351671	0	137.74589	173.528421	144.435867	73.7499643	21.3025877	8.9504821	0	4	NA
Larus glaucescens	BULD1	1	LarGlaMVZ172496	M	-9.545454545	5.75	5	-7.142857143	2.777310924	2.198184569	6	3	6	3	5	3	0	39.4853432	0	30.3228033	30.0194765	29.6034511	18.3456563	9.74257651	NA	149.381003	130.741367	99.5166163	NA	NA	NA	0	5	0.158078603
Larus glaucescens	BULD1	1	LarGlaMVZ172497	M	-11.25	5.25	4.25	-7.142857143	2.468253968	2.262057878	5	1	5	1	5	0	0	39.0045411	0	0	0	41.0354743	26.7297318	20.5123411	0	165.250783	140.359728	104.029189	92.6396604	NA	0	0	5	0.150772627
Larus glaucescens	BULD1	1	LarGlaMVZ172498	M	-7.142857143	5.75	4.5	-7.142857143	2.714285714	2.19504644	6	3	6	2	5	3	0	30.382393	0	0	40.1398499	32.246774	24.7552934	19.0224695	12.8341511	147.847886	169.532314	102.456204	57.990489	54.4802659	34.9780896	0	4	0.14279476
Larus glaucescens	BULD1	1	LarGlaMVZ172499	M	-7.142857143	5.75	4.75	-11.25	2.628099174	2.317610063	6	1	6	1	5	3	0	47.4545599	31.4905097	0	0	30.0212347	18.0770802	10.5354348	0	137.466868	170.375602	104.438372	74.3239344	37.0631961	8.54767736	0	3	0.160222222
Larus glaucescens	BULD1	1	LarGlaMVZ172500	M	-9.545454545	6	4.75	-11.25	2.861344538	2.151248164	6	1	6	4	1	3	0	44.5609749	0	0	0	41.7893516	28.8485714	20.3951874	11.9924428	146.302602	179.302014	140.005688	90.5669149	NA	NA	0	5	0.160167715
Larus glaucescens	BULD1	1	LarGlaMVZ172501	M	-23.07692308	5.5	5	-23.07692308	2.739837398	2.1884273	6	1	6	1	5	3	0	45.5235846	0	0	0	0	27.1243187	22.446042	14.9339218	155.97856	157.197751	107.487286	NA	NA	NA	0	5	0.153932584
Larus glaucescens	BULD1	1	LarGlaMVZ172502	M	-13.33333333	5.75	4.5	-7.142857143	2.851694915	2.129271917	6	2	6	4	5	3	0	33.1204519	0	0	0	32.8733968	22.535934	11.7618413	NA	156.369089	144.834564	128.867624	82.8630085	NA	NA	0	5	0.148672566
Larus glaucescens	BULD1	1	LarGlaMVZ172503	M	-11.25	5.5	4.75	-7.142857143	2.74025974	2.285939968	6	1	6	4	5	3	0	34.3717088	0	0	49.4117811	35.1779025	0	0	NA	158.02566	167.638335	139.111749	49.4605317	28.1926111	NA	0	5	0.156828194
Larus glaucescens	BULD1	1	LarGlaMVZ172504	F	-7.142857143	5.75	4.75	-9.545454545	2.863207547	2.171334432	7	0	7	1	5	1	1	48.3288189	0	0	41.4352857	33.1135081	28.8395276	20.3536835	9.68246503	137.597889	165.250597	142.503383	71.2803392	40.9034155	22.91174	0	3	0.149633252
Larus glaucescens	KACH2	2	LarGlaMVZ172505	F	-7.142857143	6	5.25	-23.07692308	2.885	2.188908146	5	2	5	5	5	0	0	35.4865523	0	0	54.4565171	NA	14.531859	0	0	134.459185	157.517602	NA	44.1019784	8.37796126	0	0	3	0.148076923
Larus glaucescens	KACH2	2	LarGlaMVZ172506	F	-7.142857143	6	5.25	-7.142857143	2.927083333	2.199288256	5	0	5	2	4	0	0	42.5336501	26.3572166	0	0	26.9006423	10.7395869	0	0	123.584936	113.015442	119.118004	40.0455748	5.43914362	0	0	3	0.136097561
Larus glaucescens	KACH2	2	LarGlaMVZ172507	M	-23.07692308	5.75	5	-23.07692308	2.903669725	2.142180095	5	1	5	4	4	0	0	44.1598187	31.6020607	0	30.3990219	26.1183081	21.8535375	NA	0	137.050744	152.791556	103.035419	52.6777006	NA	0	0	5	0.151724138
Larus glaucescens	KACH2	2	LarGlaMVZ172508	F	-9.545454545	5.5	5	-23.07692308	2.919191919	2.183391003	5	1	5	1	1	0	0	45.5144401	0	0	0	28.0661348	NA	NA	0	124.943853	135.124938	102.058166	NA	NA	0	0	5	0.139851485
Larus glaucescens	KACH2	2	LarGlaMVZ172509	M	-21.08108108	6	5.5	-21.08108108	2.671296296	2.318890815	6	1	6	4	3	3	0	42.84142	32.549148	0	0	23.6462878	16.5095661	NA	2.97693975	155.592181	145.332771	146.348877	80.7041188	NA	10.566065	0	5	0.141284404
Larus glaucescens	KACH2	2	LarGlaMVZ172510	M	-23.07692308	6.25	5.25	-23.07692308	2.718309859	2.336787565	6	1	6	NA	5	3	0	47.5388933	0	0	0	25.3701816	NA	4.84468718	0	131.128327	152.692721	129.544469	NA	4.84468718	0	0	5	0.14549763
Larus glaucescens	KACH2	2	LarGlaMVZ172511	M	-21.08108108	6	5.25	-23.07692308	2.887323944	2.170731707	NA	1	NA	4	5	NA	0	47.8715887	0	0	0	0	NA	NA	0	150.152737	115.734743	147.817727	NA	NA	0	0	2	0.151769912
Larus glaucescens	KACH2	2	LarGlaMVZ172512	F	-7.142857143	5.75	5.75	-21.08108108	2.735294118	2.211469534	5	1	5	1	1	0	0	47.1686328	25.4054198	0	0	23.9485119	16.7732194	NA	0	133.209181	141.653151	140.479895	58.5136693	NA	0	0	4	0.148910412
Larus glaucescens	MIDD3	3	LarGlaMVZ172513	M	33.13432836	5.75	5	-21.08108108	2.975961538	2.096930533	5	1	5	4	1	0	0	43.2587077	0	0	0	28.6000479	23.7250385	19.884058	0	139.391411	156.745304	118.192664	69.5270612	51.5042775	21.0445127	0	5	0.156103286
Larus glaucescens	MIDD3	3	LarGlaMVZ172518	M	-21.08108108	6	5	-23.07692308	2.933649289	2.182552504	5	2	5	5	1	0	0	40.6243018	0	0	0	23.7605455	18.1151836	12.1330114	0	148.750215	176.634379	122.521843	74.4402069	38.778387	0	0	5	0.14529148
Larus glaucescens	MIDD3	3	LarGlaMVZ172519	F	-23.07692308	5.75	5.25	-23.07692308	2.794736842	2.357815443	NA	1	NA	4	4	0	0	37.8760668	30.4314722	0	0	0	23.8903303	NA	0	137.900757	177.512367	104.448185	56.5466838	NA	0	0	4	0.143645084
Larus glaucescens	MIDD3	3	LarGlaMVZ172520	M	-21.08108108	6	5.25	-22.75862069	2.685446009	2.29020979	5	1	5	4	4	0	0	46.239276	0	0	0	27.6990598	22.5036187	6.51484524	0	135.41641	172.670114	117.161703	53.6503047	6.51484524	0	0	4	0.149886105
Larus glaucescens	MIDD3	3	LarGlaMVZ172521	M	-23.07692308	6	5.25	-9.545454545	2.850678733	2.157142857	6	1	6	1	1	3	0	41.8360238	0	0	0	27.0714423	20.0768948	20.725866	7.27036344	149.625307	170.97533	156.753902	62.3885456	39.7321491	13.9859115	0	5	0.148430493
Larus glaucescens	MIDD3	3	LarGlaMVZ172522	M	-23.07692308	5.5	5.25	-23.07692308	2.783783784	2.200647249	NA	1	NA	1	5	0	0	38.7212583	0	0	0	0	19.987891	0	0	137.500294	131.540197	131.961755	95.8148605	0	0	0	5	0.145909091
Larus glaucescens	MIDD3	3	LarGlaMVZ172523	M	-21.08108108	5.75	5.25	-21.08108108	2.801843318	2.195723684	5	3	5	1	1	0	0	40.5336835	0	0	32.1251769	29.4124487	21.5900507	13.5431239	0	137.541726	137.203542	130.9313	50.5870033	NA	NA	0	5	0.145260664
Larus glaucescens	MIDD3	3	LarGlaMVZ172525	M	-23.07692308	5.75	4.75	-19.45945946	2.684684685	2.27852349	NA	1	NA	4	1	0	0	54.0143085	0	0	40.8571409	29.6242556	21.0502147	9.75355742	0	135.478081	120.354506	130.433759	82.741444	38.8260009	0	0	5	0.141964286
Larus glaucescens	MIDD3	3	LarGlaMVZ172526	M	-19.45945946	5.75	5.25	-18.33333333	2.990697674	2.094867807	5	1	5	5	5	0	0	47.7587341	0	0	52.0890846	40.6530545	27.5089987	NA	0	67.7166913	176.539813	165.911858	103.708234	NA	0	0	4	0.143348624
Larus glaucescens	MIDD3	3	LarGlaMVZ172529	F	-21.08108108	6	5	-19.45945946	2.796875	2.268156425	5	4	5	4	5	0	0	42.3675498	0	0	35.7807766	29.3783383	21.9742035	13.4015841	0	135.75644	171.685528	124.308133	60.0014277	33.0704718	0	0	3	0.140909091
Larus glaucescens	CUMS5	5	LarGlaMVZ172548	F	-19.45945946	5.5	4.5	-19.45945946	3.26519337	2.033840948	5	1	5	4	5	0	0	41.6544414	0	0	0	0	30.9982337	0	0	122.931402	153.360352	135.980702	67.5288387	10.2950115	0	0	4	0.135096154
Larus glaucescens	CUMS5	5	LarGlaMVZ172549	M	-21.05263158	5.5	4.75	-19.45945946	2.572687225	2.241438356	6	1	6	4	5	3	0	42.2432646	0	0	0	37.8960128	20.4014104	15.5958457	5.65476886	144.695511	165.948558	124.504318	77.3921746	37.4059336	8.63982478	0	4	0.149433107
Larus glaucescens	CUMS5	5	LarGlaMVZ172550	M	-21.08108108	5.5	4.5	-19.45945946	2.85046729	2.178688525	5	1	5	5	3	0	0	39.1417418	0	0	35.4225004	34.168636	21.4671866	NA	0	135.291127	135.351602	145.812377	75.5389391	NA	0	0	5	0.144755245
Larus glaucescens	CUMS5	5	LarGlaMVZ172551	M	-21.05263158	6	5	-16.66666667	2.876190476	2.208609272	6	1	6	4	5	3	0	43.9293079	0	0	0	29.3342923	20.9593945	NA	6.97570813	141.961399	145.609227	155.193679	84.559983	NA	6.97570813	0	4	0.13954023
Larus glaucescens	CUMS5	5	LarGlaMVZ172555	F	-19.45945946	5.75	5.25	-19.45945946	2.798969072	2.217311234	4	1	4	4	4	0	0	47.3063868	0	0	0	19.0553072	16.2436065	NA	0	129.755425	134.520134	107.287761	48.7308196	NA	0	0	4	0.145918367
Larus glaucescens	CUMS5	5	LarGlaMVZ172556	F	-23.07692308	5.5	4.5	-21.08108108	2.924418605	2.300198807	5	1	5	4	5	0	0	45.57	0	0	23.9290519	28.2963809	18.626595	NA	NA	128.902843	135.087295	140.806604	65.1732274	NA	NA	0	4	0.140493827
Larus glaucescens	CUMS5	5	LarGlaMVZ172557	F	-22.75862069	5.5	4.75	-21.08108108	2.580952381	2.256457565	6	1	6	4	5	0	0	53.2669066	0	0	31.4628532	27.5170754	18.309056	NA	0	132.714717	158.092653	112.795244	84.490674	NA	14.367171	0	4	0.137590361
Larus glaucescens	CUMS5	5	LarGlaMVZ172558	M	10.85956416	5.75	4.75	-25.42372881	2.731818182	2.176372712	4	1	4	5	5	0	0	43.3753923	0	0	26.5922141	27.3663774	19.0026929	NA	0	129.374171	141.573613	111.698916	69.242942	NA	0	0	3	0.152
Larus glaucescens	CUMS5	5	LarGlaMVZ172559	M	-22.75862069	5.5	4.75	-19.45945946	2.504545455	2.346642468	4	2	4	4	5	0	0	30.3633574	0	0	26.0217405	27.8136059	17.302494	NA	0	152.774071	133.273592	104.648704	62.4333324	NA	0	0	4	0.141395349
Larus glaucescens	CUMS5	5	LarGlaMVZ172563	F	-19.45945946	5.75	5	-21.08108108	2.887755102	2.171378092	6	1	6	4	1	3	0	45.7773044	0	0	0	23.8331466	18.4271761	13.6042301	6.20299498	125.211798	148.344336	140.84009	53.1379846	28.9521094	8.8704997	0	4	0.160659898
Larus glaucescens	NVAN7	7	LarGlaMVZ172596	M	-19.45945946	5.75	5.75	-19.45945946	2.867924528	2.210526316	5	1	5	4	5	0	0	43.0984008	0	0	0	18.4314906	28.6167389	NA	0	144.349589	167.124763	143.061702	138.85041	NA	0	0	4	0.151886792
Larus glaucescens	NVAN7	7	LarGlaMVZ172597	F	-19.45945946	5.75	4.75	-18.33333333	2.638613861	2.292682927	5	1	5	4	5	0	0	41.1576127	0	0	20.0345103	22.0550905	16.7394683	14.9947754	0	138.34971	153.398414	141.346438	60.0882043	35.4058687	0	0	4	0.136775819
Larus glaucescens	NVAN7	7	LarGlaMVZ172599	M	14.03264651	5.75	5	-18.33333333	2.757990868	2.17384106	5	3	5	5	5	0	0	31.7464649	0	0	0	41.4823848	31.3213993	NA	0	154.380417	170.586524	154.490224	140.541089	NA	0	0	2	0.143317972
Larus glaucescens	NVAN7	7	LarGlaMVZ172601	M	13.28298887	5.5	4.75	-21.08108108	2.736363636	2.272425249	6	2	6	5	5	NA	0	34.776435	0	0	0	32.4010195	24.886906	19.975902	0	144.332636	176.835043	149.456307	132.408172	48.6458152	0	0	2	0.151428571
Larus glaucescens	NVAN7	7	LarGlaMVZ172602	M	14.71682848	5.25	3.75	-18.33333333	2.689956332	2.237012987	5	2	5	5	5	0	0	33.536468	0	0	33.2629444	29.7802685	21.9465142	NA	0	157.779999	182.017245	147.70526	88.2295327	NA	0	0	2	0.144318182
Larus glaucescens	NVAN7	7	LarGlaMVZ172603	F	-19.45945946	5.5	4.25	-17.64705882	2.833333333	2.12283737	5	2	5	4	5	0	0	35.2056616	0	0	0	34.4169755	21.4413952	NA	0	140.774499	167.470746	116.260685	69.7487009	NA	0	0	3	0.144197531
Larus glaucescens	NVAN7	7	LarGlaMVZ172604	F	-23.07692308	5.5	5	-21.08108108	2.895522388	2.108247423	4	1	4	1	4	0	0	53.5693916	27.0838964	0	0	21.2340387	18.2402354	0	0	130.749116	152.065922	99.6606708	68.5418855	0	0	0	4	0.135971223
Larus glaucescens	NVAN7	7	LarGlaMVZ172606	M	-21.08108108	5.5	4.5	-19.45945946	2.829493088	2.151465798	5	2	5	5	5	0	0	34.4980002	0	0	0	0	20.693403	NA	0	156.859996	178.282707	160.863661	75.0704088	NA	0	0	3	0.14837963
Larus glaucescens	NVAN7	7	LarGlaMVZ172607	F	-19.45945946	5.5	4	-21.08108108	2.905940594	2.119250426	5	1	5	4	4	0	0	46.2105457	0	0	24.5583461	31.1573473	21.6558422	11.8948815	0	129.539963	155.717231	90.41235	55.1848712	32.5561478	0	0	4	0.146004843
Larus glaucescens	NVAN7	7	LarGlaMVZ172609	M	-21.08108108	5.5	4.75	-21.08108108	2.756880734	2.186356073	5	1	5	4	5	0	0	42.6887794	0	0	0	0	0	NA	0	160.929617	153.673531	107.051445	NA	NA	0	0	3	0.150582751
Larus glaucescens	CLEL9	9	LarGlaMVZ172637	M	-19.45945946	5.25	4.25	-19.45945946	2.553571429	2.255244755	5	1	5	5	5	0	0	38.4209214	0	0	40.397846	30.3541793	19.4426315	9.75477991	0	122.228683	152.710096	127.6487	NA	30.7414995	0	0	3	0.147584541
Larus glaucescens	CLEL9	9	LarGlaMVZ172638	M	-21.08108108	5.5	4	-21.08108108	2.83490566	2.207986689	5	1	5	4	5	0	0	42.3892136	0	0	28.7012609	25.1687003	18.2735493	9.87664809	0	143.08607	161.926127	113.21524	84.8985917	44.9780532	0	0	4	0.139485981
Larus glaucescens	CLEL9	9	LarGlaMVZ172639	M	-19.45945946	5.25	4.5	-19.45945946	2.638297872	2.140322581	5	3	5	2	5	0	0	45.9634809	0	0	28.2006635	31.2750976	23.1231546	13.4525178	0	153.281415	180.640708	132.096545	82.5307399	46.014152	0	0	4	0.149882904
Larus glaucescens	CLEL9	9	LarGlaMVZ172640	F	-21.08108108	5.5	5	-19.45945946	2.882051282	2.202846975	5	1	5	5	5	0	0	37.2394602	0	0	28.7801718	28.419582	20.3030907	14.4476826	0	141.843668	164.396907	114.517005	65.2085577	NA	0	0	5	0.15049505
Larus glaucescens	CLEL9	9	LarGlaMVZ172641	F	-19.45945946	5.75	4.25	-19.45945946	3.080645161	2.162303665	6	0	6	4	5	3	0	49.5161869	0	0	30.9056909	23.7515124	15.0382666	12.4045494	7.19399923	122.271637	146.784091	97.6125971	63.133369	24.2206571	12.1133982	0	4	0.150617284
Larus glaucescens	CLEL9	9	LarGlaMVZ172642	F	-19.45945946	5.75	4.5	-18.33333333	2.885	2.135181976	5	2	5	5	5	0	0	40.2523526	0	0	0	0	26.1751512	22.2488785	0	136.18664	174.258848	128.611653	93.7245012	44.6931886	0	0	4	0.1425
Larus glaucescens	CLEL9	9	LarGlaMVZ172643	M	-19.45945946	5	4.25	-21.08108108	2.711711712	2.184385382	5	1	5	3	1	0	0	52.4506021	30.8970674	0	0	27.4020445	14.9111926	9.43066625	0	130.694261	166.276757	113.964327	65.6016315	35.9428941	0	0	4	0.156521739
Larus glaucescens	CLEL9	9	LarGlaMVZ172644	M	-19.45945946	5.25	4.25	-19.45945946	2.674107143	2.242070117	5	1	5	5	4	0	0	48.3222854	0	0	34.3957448	30.7479121	21.2220011	11.5092461	0	143.231387	176.951105	146.982733	87.6443927	49.1428609	0	0	3	0.146188341
Larus glaucescens	CLEL9	9	LarGlaMVZ172645	F	-21.08108108	5.75	4.5	-19.45945946	2.913265306	2.129597198	6	1	6	5	5	3	0	30.4850287	0	0	0	30.4045867	27.7974489	18.3947771	5.96540855	143.539722	129.040674	117.73014	90.4837103	66.043139	18.2748336	0	4	0.143341404
Larus glaucescens	TAT11	11	LarGlaMVZ172678	M	-19.45945946	5.25	4.5	-19.45945946	2.863013699	2.159489633	6	1	6	4	4	2	0	42.6239856	0	0	108.713285	75.7302001	41.8831337	31.0443977	16.4434399	147.635849	175.40474	158.900679	104.746306	72.3574254	28.0594724	8.53328871	4	0.136831276
Larus glaucescens	TAT11	11	LarGlaMVZ172681	M	-21.08108108	5	4.75	-19.45945946	2.943127962	2.183574879	NA	NA	NA	NA	NA	NA	NA	44.1005757	0	0	0	62.6677919	38.4118424	26.9159186	11.5497159	151.897655	179.739609	153.563117	100.22602	60.5807018	22.6885396	0	3	0.158769932
Larus glaucescens	TAT11	11	LarGlaMVZ172682	M	-19.45945946	6	5	-19.45945946	2.960176991	2.112107623	NA	NA	NA	NA	NA	NA	NA	35.6400272	0	0	0	43.4119371	27.1183646	17.4122946	0	146.237372	163.507099	133.562329	75.7861306	43.1181135	15.6269959	0	3	0.157437071
Larus glaucescens	TAT11	11	LarGlaMVZ172688	F	-21.05263158	5.5	4	-18.33333333	2.733333333	2.219512195	6	2	6	4	5	1	0	44.9141403	0	0	0	0	39.7149437	28.949903	13.8372735	154.642409	193.189827	183.186923	117.286425	66.8555577	23.6560234	0	5	0.139709443
Larus glaucescens	DES13	13	LarGlaMVZ172702	M	13.84169884	5.25	4.25	-21.08108108	2.659090909	2.222222222	6	3	6	2	4	3	0	43.8364898	27.6171418	0	37.6768291	30.0527397	21.8268904	14.4971326	2.89580902	134.954973	127.819096	119.617639	60.5225818	34.3896372	10.011765	0	2	0.166075949
Larus glaucescens	DES13	13	LarGlaMVZ172703	F	-21.08108108	5	3.25	-19.45945946	2.869791667	2.186932849	6	2	6	5	5	1	0	40.5550215	0	0	35.2682018	27.9881305	18.7206733	12.1801124	3.00725234	138.854525	153.965327	113.02611	71.7476136	37.4847443	0	0	3	0.159480519
Larus glaucescens	ESI17	17	LarGlaMVZ172725	M	-18.3011583	5.75	4.25	3.75	2.610859729	2.233968804	6	1	6	5	5	1	0	42.3000636	0	0	40.2923049	36.5374666	27.1484054	17.620963	10.2861341	143.30911	171.05647	165.021185	102.581959	60.773991	NA	7.53031935	4	0.149885057
Larus glaucescens	ESI17	17	LarGlaMVZ172726	M	-22.75862069	6	4.5	-21.05263158	2.641975309	2.140186916	5	2	5	5	5	0	0	30.5214911	0	0	37.1600519	25.589079	19.0187928	13.7146465	0	149.19755	146.403643	113.350314	75.768711	42.684489	13.1914363	0	5	0.146013667
Larus glaucescens	YAQ19	19	LarGlaMVZ172727	F	-6.676829268	5.5	4.5	3.4285714	2.894179894	2.195612431	6	1	6	4	4	NA	0	60.85190514	34.58524794	NA	NA	24.8956599	19.55105902	18.16107882	14.66113329	125.5823536	147.9050279	129.1948161	74.30166633	36.36818715	NA	NA	5	0.14321608
Larus glaucescens x Larus occidentalis occidentalis	CLEL9	9	LarGlaOccMVZ172735	F	-18.33333333	5.5	3.5	-19.45945946	2.933673469	2.125217391	6	1	6	5	5	1	0	42.4794347	0	0	0	50.0993943	32.1984235	20.661518	NA	140.279596	171.77914	111.67946	64.9098073	50.6566012	NA	0	4	0.149878345
Larus glaucescens x Larus occidentalis occidentalis	TAT11	11	LarGlaOccMVZ172744	M	-21.08108108	5.5	3.25	-21.08108108	2.694444444	2.37628866	6	3	6	5	5	3	0	37.3511054	0	0	0	0	37.0792833	22.0845399	8.74492687	143.970713	171.139362	162.844469	106.948485	59.6692476	16.1784195	0	4	0.145475638
Larus glaucescens x Larus occidentalis occidentalis	TAT11	11	LarGlaOccMVZ172748	M	13.84169884	5.5	3.75	-19.45945946	2.815315315	2.1328	6	1	6	5	5	1	0	38.8072399	0	0	0	0	42.5858112	26.6854428	11.4085997	153.651972	186.912607	175.276724	122.947214	84.4048346	36.6325215	0	2	0.148526077
Larus glaucescens x Larus occidentalis occidentalis	TAT11	11	LarGlaOccMVZ172749	F	-17.39495798	5.25	3.25	-19.45945946	2.87027027	2.246704331	6	2	6	4	5	3	0	31.3345209	0	0	0	65.4367369	29.4070565	15.2367588	4.25367526	137.981951	163.457091	149.924084	95.2974326	35.0918731	11.7458447	0	3	0.137128713
Larus glaucescens x Larus occidentalis occidentalis	TAT11	11	LarGlaOccMVZ172753	F	38.4	4.75	2.75	-21.08108108	2.674641148	2.216457961	NA	NA	NA	NA	NA	NA	NA	43.6992241	0	0	0	63.3781627	36.0170253	19.626943	6.54231432	137.851773	172.822673	143.564445	88.080658	62.5045887	28.6417065	9.9847608	0	0.155825243
Larus glaucescens x Larus occidentalis occidentalis	TAT11	11	LarGlaOccMVZ172754	M	-21.08108108	6.25	5.25	-21.08108108	2.751219512	2.191489362	NA	NA	NA	NA	NA	NA	NA	43.5086152	0	0	0	0	37.048997	19.3157057	10.0704022	149.19772	183.868799	171.44455	110.119398	74.5065858	29.867153	7.55654235	4	0.154589372
Larus glaucescens x Larus occidentalis occidentalis	TAT11	11	LarGlaOccMVZ172762	M	6.973684211	5.75	3	-21.05263158	2.662162162	2.170896785	5	2	5	5	4	0	0	40.2121736	0	0	0	62.366656	44.1474682	25.3366698	13.7276588	141.280869	175.568402	149.88612	113.545734	72.8411105	33.9796056	8.04781227	2	0.143373494
Larus glaucescens x Larus occidentalis occidentalis	DES13	13	LarGlaOccMVZ172775	M	13.65262321	5.75	4	-21.08108108	2.586666667	2.29209622	6	2	6	4	3	3	0	48.6915104	34.5983234	0	53.5041711	37.9241746	24.2810785	15.530584	7.49647824	152.369009	185.286771	167.932057	86.0520521	36.7563481	14.4082968	0	2	0.15248227
Larus glaucescens x Larus occidentalis occidentalis	DES13	13	LarGlaOccMVZ172776	F	48.17518248	5.5	4	-17.64705882	2.680203046	2.25	6	2	6	5	5	3	0	45.3506616	30.8542153	0	0	33.2013284	24.1267365	13.8081362	9.97539872	133.648201	174.451815	128.847352	74.50594	39.6032853	0	0	0	0.139054726
Larus glaucescens x Larus occidentalis occidentalis	DES13	13	LarGlaOccMVZ172777	F	14.03264651	5.25	3.25	-19.45945946	3	2.121367521	6	2	6	4	5	3	0	37.0056092	0	0	48.8698267	40.3534859	29.5316339	19.1109479	5.81010573	157.74262	187.978607	166.815028	121.350405	67.0218764	25.264069	0	2	0.150886076
Larus glaucescens x Larus occidentalis occidentalis	DES13	13	LarGlaOccMVZ172779	M	44	5	3.5	-19.45945946	2.641350211	2.164536741	6	3	6	5	5	3	0	33.2731402	0	0	0	44.5813022	24.6779562	10.1064364	3.16359836	144.917965	172.163779	151.9544	89.117743	38.511763	6.55076591	0	0	0.148705882
Larus glaucescens x Larus occidentalis occidentalis	DES13	13	LarGlaOccMVZ172780	M	44	5.25	4.25	-19.45945946	2.675799087	2.220136519	6	3	6	2	5	NA	0	40.3120689	0	0	47.0984236	30.6306306	20.9946154	16.7333229	NA	143.639658	155.786164	113.67813	NA	NA	NA	0	0	0.143262411
Larus glaucescens x Larus occidentalis occidentalis	DES13	13	LarGlaOccMVZ172781	F	14.03264651	5	2.25	-19.45945946	2.673170732	2.209854015	5	2	5	4	4	1	0	39.8942133	0	0	0	69.0551749	37.328185	22.4293569	6.41603381	135.938139	164.074088	143.877066	93.86125	61.1573045	15.0361413	0	2	0.145812808
Larus glaucescens x Larus occidentalis occidentalis	GRA14	14	LarGlaOccMVZ172789	M	-21.08108108	5.5	3.25	-19.45945946	2.743119266	2.280936455	7	2	7	4	3	3	1	44.4321379	0	0	0	58.6176855	32.4091405	21.2855516	9.39819159	159.244912	182.286669	165.333422	135.868575	67.9697059	24.4777999	0	5	0.15744186
Larus glaucescens x Larus occidentalis occidentalis	GRA14	14	LarGlaOccMVZ172792	M	12.27027027	5.25	2.75	-21.08108108	2.798122066	2.216442953	6	2	6	4	5	3	0	39.0491968	0	0	0	0	54.1075071	23.9064405	12.5329018	146.770987	178.880195	152.290829	118.190727	66.5926325	36.8002691	0	2	0.150117096
Larus glaucescens x Larus occidentalis occidentalis	GRA14	14	LarGlaOccMVZ172793	M	-19.45945946	5	3.25	-21.08108108	2.718181818	2.202341137	6	2	6	5	5	1	0	37.7785713	0	0	0	34.8051629	22.1363766	15.351057	4.96376648	146.626386	177.834183	155.110596	71.305848	39.3921872	9.92753295	0	4	0.159761905
Larus glaucescens x Larus occidentalis occidentalis	GRA14	14	LarGlaOccMVZ172795	M	NA	5.25	2.5	NA	2.647826087	2.216748768	6	2	6	5	5	3	0	38.4775614	0	0	0	0	35.339382	23.527254	11.4207202	152.777248	184.425041	169.694011	78.3105456	67.5945845	22.0290132	4.34434531	2	0.161483254
Larus glaucescens x Larus occidentalis occidentalis	GRA14	14	LarGlaOccMVZ172796	F	NA	4.75	2	NA	2.807106599	2.240506329	7	4	7	5	5	3	1	44.5070475	0	0	0	75.2665708	40.2150944	18.5864172	8.29234209	141.027532	179.288776	156.253424	118.246962	67.6690989	22.3073208	0	0	0.15138539
Larus glaucescens x Larus occidentalis occidentalis	GRA14	14	LarGlaOccMVZ172797	M	NA	5	3	NA	2.77027027	2.14796748	6	3	6	3	3	2	0	37.0475955	0	0	36.0326999	29.5931236	31.7106113	22.513508	12.6681648	137.104123	149.264002	102.445899	97.6927772	64.5362897	30.2410096	8.76219629	0	0.157045455
Larus glaucescens x Larus occidentalis occidentalis	GRA14	14	LarGlaOccMVZ172798	M	NA	4.75	2	NA	2.746478873	2.196581197	7	2	7	5	5	3	1	NA	NA	NA	NA	NA	NA	NA	NA	NA	NA	NA	NA	NA	NA	NA	0	0.156511057
Larus glaucescens x Larus occidentalis occidentalis	GRA14	14	LarGlaOccMVZ172801	M	44	4.75	3.25	-19.45945946	2.64573991	2.211864407	6	3	6	5	5	3	0	44.3854354	27.8994662	0	0	0	24.2348706	11.9651911	0	139.287282	174.106127	103.561133	59.8177834	30.2559591	0	0	0	0.154272517
Larus glaucescens x Larus occidentalis occidentalis	GRA14	14	LarGlaOccMVZ172803	M	38.4	4.5	2	-21.08108108	2.82629108	2.200996678	6	3	6	5	5	3	0	37.5952477	0	0	0	44.2640644	26.7053475	18.7219332	12.475069	137.390506	172.714617	151.237803	91.1438608	60.997271	24.950138	0	0	0.15372093
Larus glaucescens x Larus occidentalis occidentalis	ESI17	17	LarGlaOccMVZ172827	M	38.4	5	3	-19.45945946	2.625	2.170771757	6	2	6	5	5	3	1	43.097417	0	0	0	NA	25.3935493	NA	5.97234912	134.034733	170.52102	138.843528	74.0521771	38.8620718	19.4058189	0	0	0.145454545
Larus glaucescens x Larus occidentalis occidentalis	ESI17	17	LarGlaOccMVZ172828	M	-21.05263158	5.75	3.75	-22.75862069	2.733333333	2.183739837	5	2	5	5	5	0	0	43.641246	0	0	65.1317556	46.3327154	31.4556581	21.7420626	12.1273908	147.740765	175.037007	150.318677	87.3136175	55.6391069	22.0262039	0	4	0.155862069
Larus glaucescens x Larus occidentalis occidentalis	ESI17	17	LarGlaOccMVZ172829	F	44	4.75	3.25	-19.45945946	2.765853659	2.208112875	6	2	6	5	5	3	0	42.2407562	0	0	79.7397939	55.9983088	27.6968605	20.5418222	9.42964045	144.685078	171.288711	134.450053	76.1702519	41.6591136	20.2905563	0	0	0.148883375
Larus glaucescens x Larus occidentalis occidentalis	ESI17	17	LarGlaOccMVZ172830	F	-18.33333333	5	3.75	-22.75862069	2.661971831	2.211640212	5	1	5	2	4	0	0	36.3690939	0	0	39.3871776	16.1919854	15.8293976	12.671352	0	135.187721	148.307347	134.250383	68.0210168	40.3233792	NA	0	4	0.150238095
Larus glaucescens x Larus occidentalis occidentalis	ESI17	17	LarGlaOccMVZ172831	M	38.4	4.75	2.75	-19.45945946	2.639130435	2.196046129	6	2	6	4	4	3	0	32.940215	0	0	0	0	30.0467538	19.9351083	16.4575982	146.215638	170.622593	146.172967	83.0478246	66.6780544	31.3520212	0	0	0.148723898
Larus glaucescens x Larus occidentalis occidentalis	ESI17	17	LarGlaOccMVZ172832	F	7.920997921	5	3.75	-19.45945946	2.859223301	2.113752122	6	2	6	4	5	3	0	44.4822756	0	0	0	0	41.0700594	22.5325454	18.6389777	146.630541	185.45954	168.865539	114.189626	77.7785049	46.5426565	20.2684856	2	0.157622739
Larus glaucescens x Larus occidentalis occidentalis	ESI17	17	LarGlaOccMVZ172833	F	38.4	4.75	2.5	-19.45945946	2.729468599	2.150442478	6	3	6	5	5	3	0	39.3835259	0	0	0	47.4955114	36.2840896	22.9382358	8.23717202	159.605233	185.067434	169.531611	116.491204	60.2104896	19.9624951	0	0	0.156608479
Larus glaucescens x Larus occidentalis occidentalis	YAQ19	19	LarGlaOccMVZ172838	M	38.4	4.25	2.75	5	2.967592593	2.03900156	6	3	6	4	3	3	0	39.77076065	NA	NA	26.26681539	29.08120516	23.17454066	11.548757	3.728202058	149.6008877	96.95748221	114.4543454	72.38685692	NA	NA	NA	0	0.152256532
Larus glaucescens x Larus occidentalis occidentalis	YAQ19	19	LarGlaOccMVZ172839	F	38.4	4.5	2.5	NA	2.985221675	2.077557756	4	1	4	4	3	0	0	48.28136254	NA	NA	27.95638187	29.72749401	29.43412157	21.41927617	8.017801691	143.2240265	178.8011785	133.5744367	73.2119598	54.05136704	13.52182024	NA	0	0.15721519
Larus occidentalis occidentalis	DES13	13	LarOccMVZ172196	M	38.4	4.75	2.25	-19.45945946	2.646808511	2.143086817	6	3	6	5	5	3	0	39.8952371	0	0	35.3500254	20.1097146	22.5342765	13.3911752	4.99600249	128.370046	159.010606	116.972906	93.0256359	37.3716075	11.5893772	0	0	0.157210402
Larus occidentalis occidentalis	DES13	13	LarOccMVZ172197	F	44	4.75	2	-19.45945946	2.655660377	2.143872114	6	3	6	5	5	3	0	40.3242056	0	0	0	33.7725861	22.4426823	16.0274852	0	139.730287	175.245052	142.925576	79.3159035	NA	0	0	0	0.15225
Larus occidentalis occidentalis	GRA14	14	LarOccMVZ172203	F	38.4	4.5	2	-7.142857143	2.727272727	2.238888889	6	3	6	5	5	3	0	40.7229381	32.5091417	0	0	0	33.6535579	16.3909478	7.3790307	139.19046	178.116016	156.753303	100.377795	54.3319778	19.2621221	0	0	0.145432099
Larus occidentalis occidentalis	ESI17	17	LarOccMVZ172212	F	40.1352518	5	2	5	2.782178218	2.177935943	6	2	6	5	5	3	NA	29.8720016	0	0	31.8818082	32.1748967	19.5012326	24.3416166	16.6982112	150.062267	154.22743	144.069893	90.7064391	47.7788617	27.6162724	0	0	0.147630923
Larus occidentalis occidentalis	YAQ19	19	LarOccMVZ172227	F	38.4	4.5	2.25	4.8648649	2.903743316	2.217311234	6	2	6	5	5	1	0	46.02220683	NA	NA	NA	NA	41.40553161	21.87417527	9.50763475	146.8451215	180.2852601	155.6547105	130.4567586	61.21414993	27.86899719	6.08301742	0	0.147570332
Larus occidentalis occidentalis	YAQ19	19	LarOccMVZ172228	F	38.4	4.5	2	3.4285714	2.846938776	2.220430108	6	2	6	5	5	3	0	43.58346565	NA	NA	NA	NA	50.76909728	27.54305471	17.25677652	147.669528	175.0670534	160.154488	144.6232426	63.42409658	31.05198738	23.58140268	0	0.156345178
Larus occidentalis occidentalis	YAQ19	19	LarOccMVZ172229	M	38.4	4.5	2.5	3.4285714	2.744394619	2.156862745	7	3	7	NA	4	3	1	43.25882942	NA	NA	NA	NA	41.96767729	23.52711761	10.31422483	144.2129569	176.8883031	156.7738241	133.6736297	61.58814265	21.53222109	0	0	0.16563981
Larus occidentalis occidentalis	YAQ19	19	LarOccMVZ172230	M	38.4	4	2.25	3.4285714	2.888372093	2.136876006	7	2	7	5	5	3	1	45.0069865	42.11726136	NA	NA	47.70731027	47.82776657	27.43839179	12.33892085	154.8529812	188.1258865	169.2901571	134.7555394	68.55932251	37.98786455	9.878708471	0	0.156470588
Larus occidentalis occidentalis	YAQ19	19	LarOccMVZ172232	M	38.4	4.25	2	-21.08108108	2.587443946	2.225303293	7	3	7	5	5	3	1	41.99230838	39.89685243	NA	NA	NA	43.01587314	25.54233547	16.41660496	148.4383337	182.141385	159.8230205	112.4102801	60.16480082	30.71370575	2.590095633	0	0.156428571
Larus occidentalis occidentalis	YAQ19	19	LarOccMVZ172234	M	38.4	4.25	2	-21.08108108	2.857798165	2.128410915	6	2	6	4	5	3	0	35.51937239	32.70032183	NA	NA	NA	NA	27.89134986	13.61629437	158.8957859	182.7232563	166.2534978	149.4275801	76.26633892	35.56632029	11.79476733	0	0.155450237
Larus occidentalis occidentalis	YAQ19	19	LarOccMVZ172235	F	38.4	4.5	2	-21.08108108	2.391489362	2.176156584	6	1	6	4	3	3	0	44.59977636	NA	NA	NA	NA	42.15223607	19.49327544	10.52267284	142.5275785	172.3160495	155.9030686	113.3738691	53.77899154	22.48187184	NA	0	0.14781491
Larus occidentalis occidentalis	COO20	20	LarOccMVZ172241	M	42.12765957	4.5	1.75	22.2222222	2.814479638	2.233118971	7	3	7	5	5	3	1	43.6893362	0	0	0	28.4395117	20.4028278	NA	0	142.043654	162.023019	102.904118	71.8868997	NA	NA	0	0	0.160756501
Larus occidentalis occidentalis	COO20	20	LarOccMVZ172246	F	38.4	4.5	1.75	5.217391304	2.985074627	2.06	7	2	7	5	5	3	1	38.1072135	0	0	35.4339975	33.9944087	28.8886614	13.1605315	0	150.221111	161.207204	150.326684	80.5630137	NA	0	0	0	0.148192771
Larus occidentalis occidentalis	COO20	20	LarOccMVZ172249	F	38.4	4.5	1.75	-7.5	2.582938389	2.19266055	7	3	7	4	5	3	1	41.8360238	0	0	51.4382556	33.2588324	25.8723639	15.8707217	10.1641175	128.636317	152.745901	106.427198	65.1382176	31.6662209	15.1978417	0	0	0.152380952
Larus occidentalis occidentalis	COO20	20	LarOccMVZ172250	M	38.4	4.5	2	-7.5	2.672489083	2.160130719	7	2	7	4	4	3	1	33.3722978	21.526377	0	0	33.7132324	25.7105835	16.7415191	4.42341605	135.855074	148.147408	128.161521	73.6472473	39.3111375	16.199708	0	0	0.158079625
Larus occidentalis occidentalis	COO20	20	LarOccMVZ172251	F	38.4	4.5	1.75	-7.142857143	2.63902439	2.182994455	7	3	7	5	5	3	1	44.1153842	30.4265018	0	0	43.3705551	16.0620241	5.00622974	0	126.429225	149.799517	134.571664	54.8414317	19.0752248	0	0	0	0.1525
Larus occidentalis occidentalis	COO20	20	LarOccMVZ172253	M	38.4	4.5	1.75	5	2.684931507	2.270408163	6	4	6	5	5	3	0	39.9942678	0	0	0	49.9514606	32.9156074	24.4819254	12.2435904	134.059734	170.517378	141.898922	119.293698	57.8272124	22.2863774	0	0	0.155377574
Larus occidentalis occidentalis	COO20	20	LarOccMVZ172255	M	38.4	4.5	1.75	4.8648649	2.771028037	2.23777403	6	4	6	5	5	3	0	40.5618752	0	0	44.4738362	32.752655	28.0865176	17.3270659	6.76850349	127.909243	163.987079	121.571887	80.0546734	41.4701773	NA	0	0	0.154716981
Larus occidentalis occidentalis	COO20	20	LarOccMVZ172256	M	38.4	4.25	1.75	5	2.716981132	2.270833333	7	3	7	5	5	3	1	29.34932	0	0	49.8783231	40.9191017	26.7552388	NA	NA	152.838341	175.573011	138.266016	80.1601391	NA	NA	NA	0	0.161165049
Larus occidentalis occidentalis	COO20	20	LarOccMVZ172258	F	38.4	4.25	2	3.4285714	2.694581281	2.224862888	7	3	7	5	5	3	2	47.48963	32.7909305	0	38.1666443	26.2031622	21.3428211	3.20142317	0	147.854548	177.101285	112.06885	75.5572419	10.6847415	0	0	0	0.15125
Larus occidentalis occidentalis	COO20	20	LarOccMVZ172260	F	38.4	4.25	2	3.4285714	2.723076923	2.325800377	6	4	6	NA	5	3	0	38.3563044	0	0	0	43.322456	34.1438098	19.6648151	8.84683209	148.864677	174.635538	134.943734	87.1387776	50.2613961	21.139041	0	0	NA
Larus occidentalis occidentalis	CCY21	21	LarOccMVZ172261	F	NA	4.25	1.5	NA	2.446601942	2.386904762	6	2	6	4	3	3	0	46.2193979	33.1036226	0	0	55.2842951	26.8644793	16.6911715	7.97877782	144.621279	172.079978	147.356839	48.9725835	40.9803249	16.2588527	0	0	0.15394402
Larus occidentalis occidentalis	CCY21	21	LarOccMVZ172264	F	NA	4.25	2	NA	2.592964824	2.294573643	6	2	6	5	5	3	0	40.370446	0	0	0	0	40.7443604	20.7708614	6.91268502	141.699778	169.765434	129.236877	85.0100521	51.2984334	14.8485852	0	0	0.152216749
Larus occidentalis occidentalis	CCY21	21	LarOccMVZ172266	F	NA	4	1.5	NA	2.655660377	2.172291297	6	3	6	4	4	3	0	42.0323943	26.6529813	0	0	59.2925051	27.719519	16.7232283	8.12496976	138.71913	172.544086	147.227675	92.8031778	46.2679521	18.3004383	0	0	0.164556962
Larus occidentalis occidentalis	CCY21	21	LarOccMVZ172267	M	38.4	4.25	1.5	14	2.422413793	2.327402135	6	2	6	4	5	3	0	NA	0	0	0	64.5436734	30.6167643	15.7305482	3.46689502	154.118422	178.391566	145.453352	96.8283078	51.0207899	17.5087311	0	0	0.158542141
Larus occidentalis occidentalis	CCY21	21	LarOccMVZ172269	F	38.4	4	1.5	4.8648649	2.516746411	2.292775665	6	3	6	4	5	3	0	41.612181	0	0	0	0	33.3570136	19.4126967	5.53290537	151.629545	175.820717	140.387148	86.9952222	47.9606763	11.2339086	0	0	0.152798054
Larus occidentalis occidentalis	CCY21	21	LarOccMVZ172270	M	38.4	4.25	2	6	2.827272727	2.133440514	7	5	7	5	5	3	1	40.419868	0	0	40.0750506	35.9601802	44.7551151	33.97579	17.4874869	133.738732	176.411382	166.323074	147.057989	136.682304	39.7085217	9.57570336	0	0.156067961
Larus occidentalis occidentalis	CCY21	21	LarOccMVZ172271	F	38.4	4.25	1.25	4.8648649	2.682926829	2.205454545	7	3	7	5	5	3	1	41.9898271	0	0	0	0	35.7257633	20.5099598	9.61093672	150.498418	173.029327	151.801169	97.436642	55.5419827	23.7135872	7.48640001	0	0.154477612
Larus occidentalis occidentalis	CCY21	21	LarOccMVZ172272	M	47.76699029	4	1.75	5.217391304	2.603524229	2.228426396	6	2	6	5	3	3	0	44.6994427	34.0156581	0	0	0	37.5021431	23.2297105	10.6460779	141.11933	181.485359	148.337899	103.005656	70.4752844	31.3130653	0	0	0.158809524
Larus occidentalis occidentalis	CCY21	21	LarOccMVZ172274	M	48.17518248	4	1.25	3.4285714	2.746543779	2.226510067	7	3	7	5	3	3	1	39.1219521	32.157364	0	0	0	40.8347113	22.1570131	11.8562258	141.704909	177.077318	159.402633	99.5257791	63.7380426	27.6758162	0	1	0.16107056
Larus occidentalis occidentalis	CCY21	21	LarOccMVZ172275	M	38.4	4	1.5	10.43478261	2.640167364	2.169572108	7	3	7	NA	4	3	1	31.8548763	31.8548763	0	0	0	39.2064917	22.970878	9.50897097	139.240654	170.308932	157.71537	106.358158	68.8627777	20.6428069	0	0	0.157314149
Larus occidentalis occidentalis	MEN24	24	LarOccMVZ172311	F	38.4	4.25	1.75	41.09589041	2.990147783	2.097199341	6	2	6	5	5	3	0	41.0171465	0	0	0	48.651013	38.3236192	22.8877099	8.55771101	149.619784	177.446563	143.471217	110.868125	50.8006126	19.0222721	0	0	0.158949881
Larus occidentalis occidentalis	MEN24	24	LarOccMVZ172313	M	38.4	4	1.5	6	2.62962963	2.279929577	7	2	7	5	3	3	1	46.1047988	39.8992505	0	0	0	53.4309318	29.3919225	14.3325785	146.73179	180.321356	155.824066	123.549378	66.1908653	27.1843199	1.99044393	0	0.151612903
Larus occidentalis occidentalis	MEN24	24	LarOccMVZ172314	F	38.4	4	1.75	6	2.62	2.312977099	6	4	6	5	5	3	0	35.8021993	0	0	0	0	37.8006696	22.7122199	8.63035199	151.249232	171.951798	148.003028	124.901809	56.097288	17.7919264	0	0	0.149382716
Larus occidentalis occidentalis	MEN24	24	LarOccMVZ172315	M	38.4	4	1.5	6	2.617117117	2.242685026	7	3	7	5	5	3	1	44.744055	0	0	0	0	54.118483	26.7132272	11.48975	153.052713	182.694672	158.528581	146.635749	59.6514555	26.9995348	6.76281629	0	0.143518519
Larus occidentalis occidentalis	MEN24	24	LarOccMVZ172316	M	38.4	4	1.75	6	2.956521739	2.163398693	7	3	7	5	5	3	1	44.2856328	0	0	0	0	49.5674456	26.6999226	14.7149998	146.901782	181.811285	167.402856	142.966559	55.2702207	26.6681225	12.0313535	0	0.162378641
Larus occidentalis occidentalis	MEN24	24	LarOccMVZ172317	F	38.4	4.25	1.25	13.84615385	2.624390244	2.237918216	7	3	7	5	4	3	1	43.5068192	36.432384	0	0	0	32.002291	23.070577	14.2026876	140.149131	179.355593	156.995807	83.713375	48.2951347	21.8295644	0	0	0.14626506
Larus occidentalis occidentalis	MEN24	24	LarOccMVZ172320	M	38.4	4.25	2	-1.395348837	2.726027397	2.157453936	6	3	6	5	5	3	0	37.1699083	0	0	0	0	39.8088786	25.4067045	12.0727696	150.316409	179.128066	160.325594	118.800076	74.9961393	28.6112882	0	0	0.147002398
Larus occidentalis occidentalis	MEN24	24	LarOccMVZ172321	F	38.4	4	1	-7.142857143	2.751219512	2.145390071	7	3	7	4	3	3	1	41.3669898	40.3127271	0	47.3773187	36.822125	33.7929787	19.9154337	10.1550168	135.193003	166.228121	152.251153	114.745226	53.6665151	23.7158616	7.29447584	0	0.14
Larus occidentalis occidentalis	MEN24	24	LarOccMVZ172322	F	44	4	1.5	-30.90909091	2.867724868	2.171586716	6	3	6	5	3	3	0	50.1245134	32.7824453	0	0	0	35.4743616	20.344973	7.35010399	132.796088	173.056017	154.741486	129.157042	64.595915	17.1372986	0	0	0.146599496
Larus occidentalis occidentalis	MEN24	24	LarOccMVZ172324	M	38.4	4.25	1.5	3.4285714	2.64	2.185185185	7	3	7	5	4	3	1	40.9434364	0	0	0	0	48.987773	26.8787936	14.9805804	148.698618	181.976003	162.913306	137.910978	59.249651	40.0184019	12.7092448	0	0.140941176
Larus occidentalis occidentalis	SFB27	27	LarOccMVZ172342	F	38.4	4.25	1.75	-21.08108108	2.830845771	2.145869947	6	4	6	5	4	3	0	38.9238491	0	0	0	0	34.5450292	20.3137378	10.7793611	150.290577	178.778188	158.002839	142.736358	59.1419672	21.0188204	0	0	0.148166259
Larus occidentalis occidentalis	SFB27	27	LarOccMVZ172343	M	38.4	4.25	1.75	-18.33333333	2.714893617	2.090909091	7	3	7	5	4	3	1	41.5441275	30.8951165	0	0	0	55.5495554	25.9598774	14.3813164	143.928183	181.954132	160.822611	131.306892	58.0802906	32.5069878	4.20559715	0	0.163593381
Larus occidentalis occidentalis	SFB27	27	LarOccMVZ172344	F	38.4	4.5	1.75	-5.853658537	2.629807692	2.137111517	7	3	7	5	5	3	1	46.0222068	0	0	0	0	41.4055316	21.8741753	9.50763475	146.845122	180.28526	155.65471	130.456759	61.2141499	27.8689972	6.08301742	0	0.151794872
Larus occidentalis occidentalis	SFB27	27	LarOccMVZ172345	M	38.4	4	1.5	-7.142857143	2.6875	2.157807309	7	3	7	4	5	3	1	43.5834657	0	0	0	0	50.7690973	27.5430547	17.2567765	147.669528	175.067053	160.154488	144.623243	63.4240966	31.0519874	23.5814027	0	0.154939759
Larus occidentalis occidentalis	SFB27	27	LarOccMVZ172346	M	38.4	4.25	1.5	-18.33333333	2.510822511	2.210344828	7	3	7	5	5	3	1	43.2588294	0	0	0	0	41.9676773	23.5271176	10.3142248	144.212957	176.888303	156.773824	133.67363	61.5881426	21.5322211	0	0	0.153176471
Larus occidentalis occidentalis	SFB27	27	LarOccMVZ172349	M	38.4	4	1.5	4.8648649	2.6	2.15855573	7	3	7	5	4	3	1	45.0069865	42.1172614	0	0	0	47.8277666	27.4383918	12.3389208	154.852981	188.125886	169.290157	134.755539	68.5593225	37.9878645	9.87870847	0	0.154421769
Larus occidentalis occidentalis	SFB27	27	LarOccMVZ172396	F	NA	4.25	1.5	NA	2.76056338	2.180272109	7	3	7	5	4	3	3	41.9923084	39.8968524	0	0	0	43.0158731	25.5423355	16.416605	148.438334	182.141385	159.823021	112.41028	60.1648008	30.7137057	2.59009563	0	0.150239234
Larus occidentalis occidentalis	SFB27	27	LarOccMVZ172397	F	38.4	4.25	1.25	4.8648649	2.586538462	2.204460967	7	3	7	5	5	3	1	37.6370259	0	0	43.9744542	52.4269867	36.097308	23.71687	8.33115598	144.17687	172.371639	152.453038	94.5432667	60.0360049	20.6740159	0	0	0.146858639
Larus occidentalis occidentalis	SFB27	27	LarOccMVZ172398	M	38.4	4	1.25	-1.395348837	2.470588235	2.358974359	7	3	7	5	4	3	1	35.5193724	32.7003218	0	0	0	0	27.8913499	13.6162944	158.895786	182.723256	166.253498	149.42758	76.2663389	35.5663203	11.7947673	0	0.149156627
Larus occidentalis occidentalis	SFB27	27	LarOccMVZ172401	F	38.4	4	1.5	-21.05263158	2.555555556	2.308300395	6	3	6	5	4	3	0	44.5997764	0	0	0	0	42.1522361	19.4932754	10.5226728	142.527578	172.316049	155.903069	113.373869	53.7789915	22.4818718	0	0	0.152849741
Larus occidentalis wymani	ANA31	31	LarOccWymMVZ172440	F	38.4	3.25	1.25	4.8	2.512820513	2.283673469	6	4	3	5	3	3	0	49.1999811	34.4190734	0	0	0	45.5568567	21.2756259	9.71592891	137.276439	172.739747	155.812743	106.16673	68.0967762	26.0831838	0	0	0.130632911
Larus occidentalis wymani	ANA31	31	LarOccWymMVZ172442	F	33.01775148	3.5	1.25	-7.142857143	2.644670051	2.26487524	7	3	4	5	5	3	1	41.889556	0	0	0	0	0	29.8186213	13.5342831	138.030321	167.331155	156.841514	121.310867	60.31822	NA	0	0	0.15163728
Larus occidentalis wymani	ANA31	31	LarOccWymMVZ172443	F	38.4	3.5	1.5	3.75	2.752525253	2.148623853	6	3	2	5	4	3	0	48.3348165	34.6087711	0	0	0	56.7095015	23.4342635	8.67593238	122.842776	170.277436	158.20102	106.252379	57.5183922	24.1062294	0	0	0.145026178
Larus occidentalis wymani	ANA31	31	LarOccWymMVZ172444	M	35.66037736	3.5	1	9.056603774	2.717592593	2.175468484	8	5	4	5	5	3	3	43.5479686	0	0	0	0	57.8903505	26.2126748	11.5684122	145.139284	181.271646	156.255539	125.993473	81.9880836	42.2052339	0	0	0.147619048
Larus occidentalis wymani	ANA31	31	LarOccWymMVZ172460	M	38.4	3.5	1	4.8648649	2.771573604	2.258241758	7	4	3	5	5	3	1	48.3430673	0	0	0	0	0	32.9378481	14.5496733	158.263068	182.338059	169.760034	115.915082	74.1336605	39.2626628	7.24414819	0	0.14223301
Larus occidentalis wymani	ANA31	31	LarOccWymMVZ172462	M	38.4	3.25	0.75	3.75	2.638497653	2.238434164	6	4	2	5	5	3	0	43.0056124	0	0	0	0	0	30.4079448	10.7941501	148.48173	181.10221	161.170008	93.9073591	62.260649	30.2784385	0	0	0.144096386
Larus occidentalis wymani	ANA31	31	LarOccWymMVZ172466	F	44	3.5	1	-22.75862069	2.698979592	2.166351607	7	3	4	5	5	3	2	39.168385	0	0	0	0	64.6487634	27.0402312	14.3209596	142.713038	175.823614	164.941822	102.904186	57.0148485	25.5078617	8.76019119	0	0.137435897
Larus occidentalis wymani	ANA31	31	LarOccWymMVZ172470	F	44	3.5	1.5	-25.42372881	2.910526316	2.139240506	7	3	4	5	4	3	1	39.884692	32.3056469	0	0	0	55.4875294	26.1854041	13.3871669	141.666272	179.462833	154.605738	113.853132	61.3590027	30.967005	3.1466569	0	0.149620253
Larus occidentalis wymani	ANA31	31	LarOccWymMVZ172471	M	44	3.5	1.25	-17.64705882	2.723809524	2.213286713	7	3	3	5	5	3	2	44.1963954	0	0	0	0	58.8726719	33.7196298	17.6917518	150.566964	180.721716	166.700084	145.594336	63.0532663	36.0343619	20.806023	0	0.152619048
Larus occidentalis wymani	ANA31	31	LarOccWymMVZ172474	M	44	3.25	1	-7.142857143	2.616113744	2.297101449	7	4	3	5	5	3	2	47.5928994	0	0	0	0	0	34.1452083	13.2804473	154.068639	191.251259	169.010034	143.796487	85.0993544	32.6857104	9.26534018	0	0.154588235
Larus occidentalis wymani	LCO33	33	LarOccWymMVZ172485	M	38.4	3.25	0.75	-7.142857143	2.776744186	2.179229481	7	4	7	5	5	3	1	48.1059697	0	0	0	55.0503178	50.362017	30.125131	9.44825052	149.364607	187.988909	175.543074	143.631732	62.4009289	25.9707566	6.29883368	0	0.139907193
Larus occidentalis wymani	LCO33	33	LarOccWymMVZ172486	F	38.4	3.5	1	-7.142857143	2.702564103	2.218216319	7	4	7	5	5	3	1	42.5693067	0	0	0	0	35.5911956	31.857473	13.9734243	146.015833	175.17307	158.074867	102.630164	62.145478	36.8051263	8.86106628	0	0.144444444
Larus occidentalis wymani	LCO33	33	LarOccWymMVZ172487	M	44	3.5	1	-19.45945946	2.795121951	2.202443281	7	3	7	5	5	3	1	44.5071204	0	0	0	0	50.8314101	26.4934483	10.1905232	150.542584	191.488155	171.122683	146.431337	70.0437458	30.7285809	14.7142052	0	0.150118203
Larus occidentalis wymani	LCO33	33	LarOccWymMVZ172488	M	38.4	3.5	1.25	-7.142857143	2.75	2.283636364	7	4	7	5	4	3	1	47.0966797	32.4167335	0	0	0	0	29.958692	11.7043555	148.665856	184.025364	171.173263	150.84666	65.7697724	27.7871813	0	0	0.152205882
Larus occidentalis wymani	LCO33	33	LarOccWymMVZ172489	F	38.4	3.5	0.75	4.8648649	2.721649485	2.178030303	7	4	7	5	5	3	1	41.845119	0	0	0	0	43.8031172	26.8391097	13.7719289	140.468607	168.970545	150.851578	109.473056	62.1632795	27.8578238	2.89018459	0	0.138190955
Larus occidentalis wymani	LCO33	33	LarOccWymMVZ172490	M	44	3.25	0.75	3.4285714	2.616113744	2.300724638	7	4	7	5	4	3	1	44.6363914	31.2515709	0	0	0	0	33.3685769	12.894305	144.789433	180.069532	163.544648	143.166051	72.2077814	33.9159144	6.7065968	0	0.153253012
Larus occidentalis wymani	LCO33	33	LarOccWymMVZ172491	M	44	3.25	1.25	-7.142857143	2.736842105	2.208041958	7	4	7	4	4	3	1	44.0695342	0	0	0	0	46.3257153	24.9844455	8.66915618	153.494683	184.19362	156.540439	111.083505	60.4212639	23.5972303	0	0	0.147368421
Larus occidentalis wymani	LCO33	33	LarOccWymMVZ172492	F	44	3.5	1	-7.142857143	3.023121387	2.21414914	7	4	7	4	5	3	1	42.2431548	0	0	0	0	0	23.401319	10.0878756	147.613019	182.112923	164.515773	138.032455	66.4864779	26.8211658	4.4701943	0	0.145477387
Larus occidentalis wymani	LCO33	33	LarOccWymMVZ172493	M	44	3.5	1.25	NA	2.523809524	2.362264151	7	4	7	5	4	3	3	44.3351909	36.6898815	0	0	0	66.6497483	25.8401336	12.985914	154.671937	191.789874	160.711821	114.933428	55.8868044	23.5176615	3.25958806	0	0.156115108
Larus occidentalis wymani	LCO33	33	LarOccWymMVZ172494	F	44	3.25	1	NA	2.85483871	2.188323917	6	4	6	5	5	3	0	42.2363986	0	0	0	75.993303	61.229365	30.3247623	10.1312645	144.421887	179.0031	162.058134	142.389513	58.1083323	20.5230358	0	0	0.14534005
